fecha	lon	lat	especie	n
01/01/2000	-76.026	-13.378	4	182
20000103	-75.492	-10.083	1	77
2000-01-03	-74.857	-12.841	2	57
20000106	-81.739	-4.878	4	185
2000-01-09	-72.672	-12.852	5	153
11/01/2000	-73.102	-5.837	4	56
15/01/2000	-77.781	-11.17	2	129
23/01/2000	-76.292	-8.128	2	27
28/01/2000	-82.709	-3.387	2	80
28/01/2000	-84.945	-10.973	5	179
01/02/2000	-89.321	-17.517	4	34
02/02/2000	-82.709	-14.808	1	194
06/02/2000	-75.582	-16.082	5	10
20000208	-88.828	-11.665	1	56
08/02/2000	-86.235	-15.765	1	64
08/02/2000	-82.165	-17.474	4	174
20000223	-71.902	-16.9	2	65
24/02/2000	-88.45	-3.534	4	73
20000226	-84.24	-6.562	5	45
03/03/2000	-76.928	-7.178	1	105
03/03/2000	-82.288	-2.964	4	64
08/03/2000	-79.479	-12.966	2	8
08/03/2000	-74.015	-11.139	2	27
11/03/2000	-80.935	-15.745	4	79
20000312	-81.803	-2.137	1	105
14/03/2000	-80.323	-7.497	3	61
20000319	-76.312	-4.3	5	189
20/03/2000	-85.744	-12.71	4	83
22/03/2000	-89.303	-14.518	1	20
25/03/2000	-80.902	-9.029	2	140
26/03/2000	-79.439	-14.86	2	102
28/03/2000	-70.421	-10.176	5	125
01/04/2000	-80.849	-13.437	2	190
20000402	-78.564	-3.065	5	35
03/04/2000	-70.144	-11.119	3	127
07/04/2000	-76.915	-5.868	5	56
08/04/2000	-75.223	-15.512	5	144
09/04/2000	-75.436	-11.728	1	156
09/04/2000	-81.227	-10.172	5	21
10/04/2000	-82.444	-6.159	4	180
20000417	-88.455	-8.092	5	103
21/04/2000	-76.353	-7.634	1	64
21/04/2000	-81.117	-14.187	3	147
22/04/2000	-71.516	-12.748	4	33
26/04/2000	-81.725	-12.225	3	141
27/04/2000	-86.574	-17.504	1	81
27/04/2000	-89.156	-8.278	1	67
27/04/2000	-88.569	-3.404	1	183
28/04/2000	-72.118	-4.008	3	159
01/05/2000	-87.33	-8.427	5	192
20000507	-81.048	-2.628	4	124
08/05/2000	-77.569	-15.968	3	116
20000508	-70.24	-3.732	5	112
11/05/2000	-72.177	-14.777	3	106
16/05/2000	-82.87	-14.303	1	21
19/05/2000	-80.813	-3.147	4	152
20000527	-75.482	-13.435	2	47
20000527	-72.894	-7.954	4	34
28/05/2000	-83.544	-16.095	5	95
03/06/2000	-82.998	-13.304	2	31
10/06/2000	-83.717	-12.591	4	1
10/06/2000	-83.993	-11.876	4	86
11/06/2000	-70.475	-7.551	1	43
12/06/2000	-71.287	-15.409	5	158
20000614	-87.834	-5.016	1	32
16/06/2000	-70.063	-2.428	5	54
19/06/2000	-86.644	-9.788	3	172
20000620	-75.471	-12.492	4	56
20/06/2000	-83.46	-4.677	4	188
21/06/2000	-78.215	-4.09	2	138
20000701	-83.459	-14.504	4	44
04/07/2000	-75.84	-8.661	1	115
08/07/2000	-79.969	-17.703	3	18
09/07/2000	-86.295	-13.937	4	144
11/07/2000	-72.088	-16.925	3	188
11/07/2000	-72.515	-10.005	5	123
12/07/2000	-75.129	-14.397	1	114
12/07/2000	-84.073	-8.801	3	104
20000712	-89.196	-7.329	4	195
13/07/2000	-74.46	-5.559	5	56
15/07/2000	-73.654	-6.48	2	124
20000717	-80.029	-7.527	1	34
19/07/2000	-72.486	-11.276	5	194
19/07/2000	-78.211	-11.885	5	102
24/07/2000	-87.001	-2.21	2	78
20000726	-82.192	-12.499	4	172
20000801	-85.759	-9.03	1	175
04/08/2000	-86.11	-5.591	4	26
06/08/2000	-89.712	-13.227	3	178
07/08/2000	-85.387	-12.349	3	6
11/08/2000	-83.247	-11.903	2	127
20000811	-85.5	-6.602	5	14
14/08/2000	-81.023	-17.6	1	47
20000815	-76.98	-3.598	5	66
17/08/2000	-72.098	-13.106	3	193
20000818	-78.507	-8.202	2	85
22/08/2000	-89.43	-15.588	1	124
23/08/2000	-74.966	-14.482	5	73
28/08/2000	-84.834	-14.102	1	65
20000828	-77.492	-12.501	4	102
07/09/2000	-88.511	-13.96	4	135
07/09/2000	-87.07	-13.581	5	66
08/09/2000	-72.881	-6.418	1	103
15/09/2000	-88.571	-8.275	2	194
15/09/2000	-77.772	-15.972	5	5
20000917	-71.591	-3.481	1	78
19/09/2000	-79.231	-15.256	5	149
21/09/2000	-83.907	-12.978	1	86
22/09/2000	-79.805	-3.884	2	152
20000922	-76.933	-11.824	4	33
20000922	-83.347	-17.574	4	64
23/09/2000	-89.683	-3.889	5	56
20000924	-82.872	-7.814	4	24
20000926	-80.528	-16.006	5	90
27/09/2000	-88.154	-2.59	4	27
20001003	-80.694	-3.733	2	151
20001005	-72.088	-3.521	2	92
05/10/2000	-89.781	-14.286	5	178
07/10/2000	-72.719	-4.909	1	195
07/10/2000	-73.285	-15.786	3	177
20001010	-74.911	-4.428	1	32
20001010	-74.649	-10.398	3	145
11/10/2000	-73.281	-15.37	5	72
13/10/2000	-79.248	-6.823	5	96
14/10/2000	-87.458	-12.091	5	14
20001016	-73.599	-9.082	2	115
16/10/2000	-83.261	-16.562	3	98
20001017	-74.665	-8.363	2	116
21/10/2000	-80.894	-4.552	2	27
23/10/2000	-89.769	-14.457	1	194
01/11/2000	-71.14	-6.002	2	122
20001103	-83.084	-4.994	4	134
04/11/2000	-75.997	-5.116	1	42
05/11/2000	-78.867	-4.663	3	94
06/11/2000	-79.533	-7.615	5	103
07/11/2000	-76.587	-9.6	2	52
10/11/2000	-72.362	-15.367	2	175
13/11/2000	-80.4	-14.616	3	50
14/11/2000	-78.84	-6.808	2	148
22/11/2000	-85.419	-8.547	1	151
24/11/2000	-82.609	-3.497	5	195
20001127	-82.073	-14.242	2	154
15/12/2000	-87.249	-15.787	2	53
20001218	-84.853	-14.425	3	37
18/12/2000	-74.282	-13.627	4	199
20/12/2000	-72.581	-5.845	4	183
21/12/2000	-83.81	-5.517	5	51
23/12/2000	-79.997	-12.736	3	116
20001226	-85.548	-4.74	2	4
26/12/2000	-86.713	-16.328	5	3
26/12/2000	-88.112	-7.898	5	193
20001227	-83.773	-14.753	5	30
20010101	-80.265	-3.783	1	151
02/01/2001	-74.124	-9.6	2	9
06/01/2001	-83.277	-9.404	2	34
08/01/2001	-76.982	-14.798	3	190
15/01/2001	-88.464	-9.664	4	4
16/01/2001	-74.017	-8.841	2	159
20010119	-83.915	-14.338	5	199
20/01/2001	-70.668	-15.155	2	197
20/01/2001	-73.147	-13.156	4	130
23/01/2001	-70.058	-11.519	4	25
24/01/2001	-72.325	-6.313	2	179
20010124	-70.344	-2.887	2	118
25/01/2001	-77.235	-6.269	4	152
20010201	-74.217	-6.239	4	86
20010208	-81.864	-10.43	5	188
09/02/2001	-82.587	-15.08	4	124
20010210	-77.137	-2.448	5	12
12/02/2001	-89.332	-12.529	2	98
14/02/2001	-72.501	-12.665	3	4
14/02/2001	-85.12	-17.453	5	153
20010217	-88.377	-7.495	4	96
20/02/2001	-78.751	-13.506	1	32
23/02/2001	-87.566	-14.792	2	104
25/02/2001	-74.29	-13.409	2	153
27/02/2001	-73.562	-5.996	3	4
03/03/2001	-77.951	-13.405	1	182
20010305	-72.949	-17.032	3	38
20010305	-75.827	-2.489	3	172
07/03/2001	-73.208	-3.926	1	5
20010308	-85.279	-10.795	1	133
08/03/2001	-85.872	-3.063	4	42
20010308	-72.877	-9.309	5	90
20010311	-84.052	-10.143	3	179
20010314	-74.702	-16.149	1	4
14/03/2001	-88.893	-4.902	4	15
20010314	-89.687	-16.726	5	184
15/03/2001	-86.81	-9.923	3	152
16/03/2001	-75.533	-10.741	3	60
20010319	-88.685	-6.768	3	47
20010325	-74.591	-7.114	1	103
25/03/2001	-75.102	-3.987	1	159
28/03/2001	-73.587	-11.378	5	86
20010404	-71.36	-14.962	1	40
07/04/2001	-81.872	-13.111	2	172
07/04/2001	-79.944	-16.713	4	158
20010409	-89.417	-15.527	2	19
10/04/2001	-76.06	-7.531	4	131
14/04/2001	-82.902	-8.601	4	93
15/04/2001	-81.734	-15.665	1	111
20010415	-76.49	-14.326	2	195
16/04/2001	-79.845	-5.991	4	31
17/04/2001	-80.177	-2.798	1	127
19/04/2001	-89.703	-5.477	3	46
20010421	-79.152	-13.895	1	81
20010424	-79.741	-2.262	3	24
20010424	-73.242	-17.199	4	32
26/04/2001	-80.589	-7.114	3	46
27/04/2001	-87.838	-14.183	5	65
20010428	-84.317	-15.848	5	40
02/05/2001	-73.572	-3.228	3	67
02/05/2001	-89.59	-9.262	4	136
20010502	-71.793	-15.479	5	61
05/05/2001	-85.969	-13.584	5	22
06/05/2001	-81.028	-6.77	5	89
20010507	-82.721	-5.899	5	122
09/05/2001	-86.485	-4.017	2	50
20010514	-83.09	-16.016	1	91
18/05/2001	-72.656	-3.693	1	187
19/05/2001	-80.54	-14.934	2	21
20/05/2001	-85.468	-7.493	4	158
22/05/2001	-78.881	-15.326	1	194
22/05/2001	-75.167	-5.374	2	120
22/05/2001	-84.619	-5.446	4	72
20010522	-75.848	-12.159	4	110
20010525	-71.464	-2.131	1	181
26/05/2001	-79.493	-10.323	4	176
20010528	-81.644	-16.433	5	126
07/06/2001	-70.87	-17.115	5	3
09/06/2001	-82.934	-16.086	1	103
10/06/2001	-89.512	-2.736	2	142
10/06/2001	-84.578	-3.642	4	134
15/06/2001	-71.974	-13.546	2	68
24/06/2001	-72.78	-15.341	4	115
25/06/2001	-82.196	-2.666	1	196
25/06/2001	-87.736	-14.545	4	9
28/06/2001	-86.865	-15.931	4	193
02/07/2001	-71.996	-9.724	5	133
03/07/2001	-75.297	-10.359	5	122
06/07/2001	-81.966	-12.522	2	73
09/07/2001	-80.027	-16.985	4	61
10/07/2001	-88.985	-9.278	4	124
11/07/2001	-71.782	-9.097	5	9
15/07/2001	-83.017	-13.019	1	63
21/07/2001	-83.341	-16.808	4	154
20010727	-80.506	-6.318	1	53
20010802	-74.568	-12.042	2	169
06/08/2001	-84.424	-13.453	1	196
20010807	-73.237	-10.832	4	41
11/08/2001	-70.998	-16.081	3	124
13/08/2001	-88.038	-12.437	3	152
16/08/2001	-72.578	-6.346	2	162
20010816	-74.01	-12.444	3	54
19/08/2001	-80.496	-10.196	5	29
20010826	-72.827	-4.487	1	197
01/09/2001	-77.037	-12.541	3	39
04/09/2001	-73.535	-9.371	3	129
20010906	-75.469	-15.196	1	16
20010908	-89.911	-7.542	5	133
20010911	-82.682	-6.562	2	48
13/09/2001	-77.576	-9.549	1	26
20010917	-78.113	-4.795	2	17
17/09/2001	-83.962	-12.872	4	158
18/09/2001	-85.055	-2.983	2	122
20010922	-74.651	-7.658	1	153
22/09/2001	-70.405	-15.043	1	140
23/09/2001	-76.092	-17.824	4	61
01/10/2001	-86.608	-4.383	1	168
09/10/2001	-70.154	-3.329	5	133
11/10/2001	-86.656	-14.424	1	21
20011016	-78.127	-8.239	3	21
19/10/2001	-73.638	-14.678	1	132
20011019	-83.997	-6.33	2	79
20011021	-70.402	-5.533	1	158
20011021	-83.04	-8.105	2	76
22/10/2001	-84.335	-16.657	4	161
20011023	-72.253	-15.724	2	155
25/10/2001	-85.101	-5.789	4	43
20011104	-75.281	-2.085	3	193
10/11/2001	-80.36	-7.56	3	65
12/11/2001	-84.241	-14.149	2	142
12/11/2001	-73.843	-2.428	5	163
20011115	-84.203	-4.211	3	67
17/11/2001	-75.451	-13.634	4	166
20/11/2001	-77.213	-5.409	4	32
21/11/2001	-89.974	-11.411	5	89
20011123	-70.886	-8.369	2	167
24/11/2001	-72.572	-17.619	4	153
28/11/2001	-76.305	-8.585	4	43
20011128	-84.604	-15.4	5	51
20011202	-76.323	-7.215	4	4
03/12/2001	-72.608	-9.666	1	174
20011204	-80.358	-17.421	1	168
14/12/2001	-73.353	-8.231	1	4
20011214	-72.352	-8.068	3	64
20011217	-75.171	-13.835	2	98
17/12/2001	-72.831	-14.768	2	103
18/12/2001	-76.026	-12.522	3	25
20011220	-74.245	-12.552	4	123
24/12/2001	-78.264	-2.825	2	113
20011224	-89.603	-11.328	4	86
27/12/2001	-81.087	-15.622	4	159
20020106	-89.615	-17.06	2	114
20020107	-74.291	-14.822	3	160
10/01/2002	-88.602	-13.309	4	45
20020111	-72.93	-10.172	5	124
20020112	-76.2	-4.077	1	184
12/01/2002	-81.754	-3.338	2	58
13/01/2002	-81.549	-2.104	4	73
20020117	-73.549	-9.946	5	51
18/01/2002	-86.932	-5.295	2	23
18/01/2002	-88.052	-12.899	3	177
24/01/2002	-84.08	-5.107	3	119
25/01/2002	-85.937	-12.578	1	163
27/01/2002	-82.133	-5.574	5	44
20020128	-86.383	-8.581	5	30
01/02/2002	-77.04	-5.933	4	200
20020201	-84.227	-2.633	4	111
03/02/2002	-89.702	-2.748	5	127
20020204	-79.637	-9.899	1	140
07/02/2002	-85.255	-5.891	4	169
08/02/2002	-79.015	-16.51	5	44
10/02/2002	-80.139	-10.826	5	12
20020214	-85.12	-15.186	3	95
25/02/2002	-73.119	-2.453	2	1
25/02/2002	-75.451	-9.619	3	59
03/03/2002	-74.507	-11.425	5	144
04/03/2002	-83.655	-5.679	4	12
05/03/2002	-70.91	-14.15	5	106
20020305	-79.818	-16.614	5	114
08/03/2002	-70.399	-10.114	5	67
09/03/2002	-87.136	-10.522	4	157
13/03/2002	-89.502	-6.946	2	79
16/03/2002	-86.134	-7.493	5	122
18/03/2002	-86.982	-6.593	2	59
19/03/2002	-72.733	-5.141	3	90
20020322	-74.036	-14.368	2	54
02/04/2002	-76.967	-8.983	2	149
20020405	-76.283	-9.971	1	87
07/04/2002	-81.304	-13.177	4	196
09/04/2002	-75.036	-6.477	4	78
20020410	-76.968	-15.619	1	90
20020411	-71.632	-6.925	4	110
20020412	-85.851	-2.144	1	4
20020414	-84.08	-2.41	2	42
20020418	-75.78	-12.258	1	152
18/04/2002	-79.136	-16.077	3	179
19/04/2002	-74.297	-3.947	1	36
20020421	-78.885	-16.043	2	131
22/04/2002	-88.739	-2.697	2	172
20020422	-79.828	-5.158	3	137
20020424	-79.286	-10.457	3	123
28/04/2002	-71.45	-6.49	3	195
03/05/2002	-86.406	-12.375	5	63
06/05/2002	-82.494	-15.953	1	37
07/05/2002	-83.225	-13.354	2	162
08/05/2002	-86.196	-13.851	4	137
09/05/2002	-75.175	-11.671	4	79
09/05/2002	-71.737	-16.781	5	14
17/05/2002	-70.291	-15.978	4	135
20020517	-86.077	-9.772	4	49
19/05/2002	-83.403	-16.702	1	185
24/05/2002	-75.022	-12.107	5	96
25/05/2002	-88.212	-3.418	5	130
27/05/2002	-82.787	-16.996	3	195
03/06/2002	-86.533	-14.277	3	170
20020603	-70.773	-7.431	5	28
03/06/2002	-71.744	-17.435	5	169
14/06/2002	-79.841	-14.918	4	28
15/06/2002	-79.403	-5.94	2	15
17/06/2002	-83.991	-15.047	3	13
21/06/2002	-78.407	-6.96	4	178
20020625	-75.953	-15.676	4	54
26/06/2002	-71.8	-6.932	1	90
27/06/2002	-73.588	-9.099	3	68
09/07/2002	-79.553	-9.034	5	73
20020714	-75.301	-3.803	3	21
20020716	-70.76	-7.736	4	26
20020718	-82.255	-6.122	3	33
20/07/2002	-81.803	-6.832	1	195
25/07/2002	-75.677	-17.208	1	107
20020725	-71.977	-11.073	3	149
28/07/2002	-75.573	-15.822	1	164
04/08/2002	-75.215	-15.802	3	198
07/08/2002	-78.422	-7.127	1	6
15/08/2002	-80.231	-12.259	3	78
20020817	-78.35	-6.424	4	164
20020819	-74.908	-15.211	3	130
20/08/2002	-84.039	-15.494	3	79
20/08/2002	-84.947	-10.697	4	68
20020822	-84.423	-12.198	2	144
23/08/2002	-78.116	-14.017	1	43
20020823	-80.926	-12.259	4	83
24/08/2002	-85.568	-14.652	3	156
06/09/2002	-79.198	-10.525	5	98
20020907	-79.443	-4.763	5	93
20020922	-83.688	-14.756	2	40
20020923	-76.173	-16.021	4	72
20020927	-75.128	-5.585	1	159
01/10/2002	-85.978	-16.52	1	148
02/10/2002	-72.018	-3.309	1	94
08/10/2002	-89.033	-8.453	4	197
09/10/2002	-89.874	-11.844	1	95
10/10/2002	-70.18	-17.055	1	155
20021013	-81.504	-11.093	4	69
13/10/2002	-76.192	-10.784	5	109
20021017	-88.94	-10.023	1	191
18/10/2002	-77.605	-8.539	2	50
19/10/2002	-77.884	-16.016	5	193
25/10/2002	-88.321	-12.995	1	56
28/10/2002	-71.928	-6.117	5	103
08/11/2002	-78.351	-3.346	5	123
20021109	-76.603	-10.196	5	69
20021113	-71.182	-9.072	4	47
20021114	-81.163	-17.107	3	87
20021115	-81.523	-2.09	2	80
18/11/2002	-70.163	-12.223	4	10
21/11/2002	-88.268	-2.745	5	157
20021127	-80.265	-12.448	5	165
02/12/2002	-70.822	-17.185	3	115
20021206	-78.763	-13.52	1	167
06/12/2002	-85.717	-15.769	2	103
06/12/2002	-70.837	-8.675	2	99
20021208	-89.971	-11.724	1	127
08/12/2002	-78.722	-17.332	3	141
20021211	-78.838	-15.869	3	195
11/12/2002	-88.669	-5.952	5	97
13/12/2002	-88.181	-13.397	3	119
20021216	-77.788	-4.296	3	166
20021216	-74.179	-13.893	4	167
17/12/2002	-84.413	-4.997	5	101
23/12/2002	-83.593	-16.193	3	144
20030111	-71.565	-15.969	4	46
20030119	-88.487	-12.803	5	141
20/01/2003	-83.161	-3.999	1	121
20030121	-83.168	-9.223	1	198
20030124	-73.031	-16.147	2	119
20030201	-85.591	-9.689	1	62
20030202	-89.337	-8.739	5	106
05/02/2003	-73.577	-4.195	4	138
06/02/2003	-87.292	-17.64	1	76
06/02/2003	-75.118	-11.632	3	90
09/02/2003	-74.052	-10.942	5	55
10/02/2003	-88.716	-9.036	3	2
12/02/2003	-74.455	-14.289	5	153
13/02/2003	-81.453	-9.652	2	103
13/02/2003	-79.827	-15.116	5	101
20030214	-78.633	-4.273	2	148
14/02/2003	-85.449	-13.276	3	7
15/02/2003	-70.177	-13.744	4	180
15/02/2003	-78.841	-15.451	5	57
17/02/2003	-88.913	-13.832	3	36
18/02/2003	-83.663	-9.872	1	66
18/02/2003	-71.721	-4.201	2	197
21/02/2003	-77.224	-6.733	2	19
20030222	-76.178	-10.614	2	110
20030225	-79.795	-9.9	4	190
20030301	-89.546	-10.729	3	70
01/03/2003	-85.372	-16.996	5	75
03/03/2003	-75.987	-2.656	5	89
20030306	-88.071	-12.999	1	71
20030307	-77.433	-3.931	3	56
20030309	-72.852	-16.955	5	155
10/03/2003	-78.054	-6.737	3	20
10/03/2003	-82.33	-2.443	3	58
11/03/2003	-84.646	-13.709	5	200
12/03/2003	-71.799	-16.322	5	86
17/03/2003	-71.472	-11.508	2	60
17/03/2003	-82.959	-8.514	2	34
20030327	-83.267	-15.708	2	197
27/03/2003	-77.757	-4.499	3	119
28/03/2003	-74.945	-16.42	4	48
20030401	-71.423	-12.635	4	18
20030402	-83.849	-2.271	1	54
04/04/2003	-88.809	-6.718	3	172
05/04/2003	-87.19	-5.495	5	68
06/04/2003	-74.927	-17.555	3	148
20030407	-70.686	-6.01	3	183
20030408	-89.16	-12.001	5	182
20030409	-77.837	-2.085	4	22
11/04/2003	-74.467	-10.68	3	176
20030414	-85.205	-5.845	1	8
14/04/2003	-80.207	-16.131	4	117
20030414	-79.485	-7.771	5	159
20030416	-72.38	-11.319	2	43
20030417	-72.549	-2.204	2	11
20030420	-86.746	-10.419	5	84
21/04/2003	-87.864	-14.2	2	0
21/04/2003	-77.578	-7.043	2	73
21/04/2003	-80.769	-8.697	4	39
22/04/2003	-82.939	-11.391	4	64
20030424	-89.639	-12.695	3	3
20030428	-79.754	-6.73	5	156
03/05/2003	-76.176	-4.964	2	5
20030505	-87.969	-16.187	2	164
10/05/2003	-76.397	-15.15	5	152
20030514	-78.817	-4.824	5	135
20030517	-71.731	-16.748	4	161
20/05/2003	-72.943	-11.757	1	30
25/05/2003	-78.015	-4.535	4	160
20030528	-86.422	-6.967	4	184
03/06/2003	-88.214	-16.907	4	24
03/06/2003	-78.091	-9.503	5	190
20030609	-87.165	-16.114	3	59
20030610	-76.808	-7.365	1	12
20030611	-70.102	-8.53	1	83
20030612	-71.216	-4.383	3	87
20030615	-89.88	-8.492	2	152
20030618	-79.153	-16.128	5	155
20030619	-81.917	-15.1	5	150
22/06/2003	-78.302	-2.693	1	87
28/06/2003	-80.135	-3.217	3	125
02/07/2003	-70.282	-8.336	4	43
02/07/2003	-88.835	-4.427	5	58
06/07/2003	-86.174	-16.831	3	140
11/07/2003	-80.078	-10.795	1	70
20030711	-84.808	-10.756	1	66
11/07/2003	-76.048	-6.849	4	131
20030711	-88.171	-6.013	5	2
12/07/2003	-89.571	-15.382	5	117
20030712	-88.704	-14.052	5	18
20030714	-82.539	-5.472	3	51
14/07/2003	-86.999	-7.306	5	13
20030718	-89.766	-15.242	3	62
20/07/2003	-81.738	-4.759	1	117
22/07/2003	-82.872	-2.271	1	10
20030722	-70.622	-12.673	3	48
25/07/2003	-74.242	-6.38	3	191
26/07/2003	-85.746	-4.554	2	88
28/07/2003	-82.446	-7.042	1	62
28/07/2003	-84.263	-14.155	1	185
01/08/2003	-84.138	-13.634	3	17
01/08/2003	-73.074	-8.736	4	65
07/08/2003	-71.282	-15.703	3	47
09/08/2003	-88.749	-15.897	3	23
10/08/2003	-89.772	-10.604	4	46
20030812	-86.768	-11.722	1	190
20030815	-83.149	-11.931	4	100
20030822	-71.2	-17.291	2	100
20030822	-83.796	-9.63	3	29
20030823	-75.881	-11.699	1	42
20030826	-77.37	-7.962	2	72
26/08/2003	-78.317	-13.671	5	179
20030826	-81.608	-5.027	5	151
01/09/2003	-80.902	-8.221	1	145
06/09/2003	-77.955	-11.557	1	48
07/09/2003	-79.961	-4.135	1	54
08/09/2003	-76.776	-13.824	1	138
20030910	-81.362	-3.137	3	86
12/09/2003	-77.097	-15.917	3	109
13/09/2003	-70.421	-16.067	2	78
13/09/2003	-84.427	-3.209	5	103
14/09/2003	-86.935	-3.163	2	39
20030921	-78.221	-13.398	2	186
22/09/2003	-72.058	-11.255	2	119
20030923	-79.04	-4.788	3	184
23/09/2003	-89.582	-15.725	5	105
23/09/2003	-70.305	-3.888	5	20
24/09/2003	-77.562	-16.643	1	135
25/09/2003	-74.982	-5.775	4	31
03/10/2003	-86.871	-7.426	4	118
04/10/2003	-87.07	-12.769	5	10
20031008	-85.128	-9.397	1	39
20031014	-72.686	-5.4	2	174
14/10/2003	-81.648	-13.877	4	182
20031018	-76.084	-15.691	2	73
20031020	-80.441	-13.341	5	191
20031022	-75.851	-17.544	2	185
20031023	-89.337	-5.429	3	87
25/10/2003	-85.087	-13.822	4	195
20031027	-89.94	-16.889	2	108
04/11/2003	-81.379	-15.247	1	107
20031110	-74.481	-6.98	5	83
20031111	-82.713	-5.284	2	161
20031114	-82.835	-17.979	1	19
16/11/2003	-70.144	-7.954	2	161
16/11/2003	-77	-12.161	3	123
20031118	-77.698	-9.265	2	43
20031119	-84.807	-12.865	4	39
21/11/2003	-72.292	-6.493	3	190
20031123	-77.664	-16.667	4	12
20031123	-77.916	-3.493	5	17
25/11/2003	-85.45	-5.644	4	70
27/11/2003	-88.115	-16.624	2	117
27/11/2003	-75.894	-3.859	4	170
28/11/2003	-75.823	-10.004	2	16
20031201	-80.518	-17.711	2	82
02/12/2003	-87.132	-15.036	5	31
20031206	-81.215	-6.067	1	26
10/12/2003	-71.144	-16.063	5	112
12/12/2003	-73.42	-14.714	5	69
20/12/2003	-79.227	-5.166	3	123
20031222	-87.175	-17.292	3	12
25/12/2003	-83.13	-12.647	1	76
20031226	-76.785	-7.481	2	18
20031227	-73.658	-11.527	1	24
20040104	-76.975	-4.579	3	124
20040106	-88.647	-16.005	1	18
10/01/2004	-85.587	-6.734	3	105
20040111	-82.974	-5.218	2	107
20040114	-76.774	-2.201	3	183
15/01/2004	-70.166	-15.504	5	184
15/01/2004	-78.869	-7.522	5	135
20040116	-87.921	-13.899	1	113
20040117	-78.182	-3.499	1	28
17/01/2004	-86.315	-6.058	1	163
18/01/2004	-72.108	-9.501	4	184
20040121	-88.204	-4.986	4	79
28/01/2004	-78.9	-17.612	3	50
20040128	-75.208	-7.709	5	126
20040201	-78.588	-14.878	3	71
04/02/2004	-79.933	-5.506	5	166
06/02/2004	-80.671	-6.699	5	144
08/02/2004	-80.683	-10.327	1	153
20040209	-85.876	-2.864	2	181
10/02/2004	-86.305	-7.717	1	65
20040212	-84.39	-9.213	4	31
13/02/2004	-85.55	-13.098	1	176
19/02/2004	-74.856	-7.955	3	44
21/02/2004	-78.785	-16.18	4	127
21/02/2004	-76.377	-5.62	4	10
22/02/2004	-75.895	-8.81	1	116
24/02/2004	-74.863	-5.786	1	95
25/02/2004	-76.063	-11.326	4	20
28/02/2004	-75.94	-14.871	1	90
05/03/2004	-86.519	-12.092	4	134
20040307	-80.933	-8.262	1	179
20040312	-86.48	-5.746	2	160
13/03/2004	-80.812	-16.113	1	32
13/03/2004	-70.612	-2.568	1	87
14/03/2004	-81.325	-3.267	4	24
15/03/2004	-87.338	-12.919	2	2
20040318	-73.869	-7.039	1	95
18/03/2004	-81.195	-3.487	4	142
18/03/2004	-80.14	-13.82	4	19
20/03/2004	-83.72	-13.498	1	11
20/03/2004	-74.576	-8.507	2	4
20040320	-71.468	-5.143	5	38
25/03/2004	-72.074	-2.37	3	54
25/03/2004	-75.523	-12.227	3	17
28/03/2004	-76.205	-14.938	4	33
20040402	-73.061	-4.31	5	182
20040403	-88.508	-14.681	5	179
05/04/2004	-79.053	-8.477	5	29
07/04/2004	-80.307	-14.52	4	185
08/04/2004	-86.99	-16.597	1	72
08/04/2004	-77.182	-3.79	3	97
08/04/2004	-83.898	-9.754	5	67
18/04/2004	-88.222	-7.167	1	158
23/04/2004	-82.585	-3.014	3	10
20040427	-76.742	-17.687	4	187
20040427	-89.302	-5.597	5	15
20040501	-83.769	-6.252	5	27
09/05/2004	-73.157	-12.454	3	177
10/05/2004	-78.591	-9.166	4	136
11/05/2004	-84.558	-9.905	2	3
20040515	-83.239	-15.19	2	149
16/05/2004	-86.74	-4.052	3	124
16/05/2004	-74.638	-12.775	4	148
16/05/2004	-78.003	-9.847	5	173
19/05/2004	-84.985	-3.869	2	53
20040522	-89.143	-3.261	1	48
23/05/2004	-79.735	-14.94	4	41
24/05/2004	-88.849	-4.084	3	199
26/05/2004	-72.678	-12.886	3	161
28/05/2004	-73.3	-11.546	3	200
04/06/2004	-82.661	-12.013	2	163
05/06/2004	-75.684	-11.862	5	198
06/06/2004	-78.089	-8.414	3	192
19/06/2004	-89.885	-6.258	5	105
20/06/2004	-82.231	-16.821	2	107
21/06/2004	-79.847	-4.848	3	76
24/06/2004	-85.798	-2.096	4	82
20040626	-87.311	-17.96	5	150
27/06/2004	-87.18	-4.936	3	174
20040703	-80.003	-4.862	4	157
04/07/2004	-84.609	-10.358	4	50
20040707	-75.234	-7.639	5	100
15/07/2004	-78.423	-2.386	2	55
18/07/2004	-84.327	-13.292	2	83
20040719	-89.856	-17.509	2	70
20040723	-85.263	-4.721	3	131
20040724	-74.963	-3.439	3	185
25/07/2004	-75.742	-17.107	3	87
28/07/2004	-79.291	-15.327	1	162
03/08/2004	-86.206	-8.098	3	190
04/08/2004	-88.565	-2.627	4	59
20040804	-72.343	-12.259	4	59
06/08/2004	-87.356	-13.787	3	66
20040806	-74.914	-7.847	5	36
08/08/2004	-85.486	-12.295	2	158
20040808	-86.994	-11.634	5	140
12/08/2004	-81.155	-12.632	1	57
20040812	-78.104	-15.323	5	11
14/08/2004	-86.336	-10.324	3	156
17/08/2004	-78.858	-11.734	4	115
18/08/2004	-71.313	-15.011	2	105
24/08/2004	-74.117	-14.827	1	3
20040824	-84.496	-14.205	4	194
20040826	-73.734	-11.947	5	27
01/09/2004	-89.803	-15.545	3	73
20040902	-72.93	-17.46	5	29
07/09/2004	-78.809	-4.538	3	92
08/09/2004	-72.515	-8.21	4	71
09/09/2004	-87.85	-10.495	1	84
16/09/2004	-89.695	-14.737	3	102
20040919	-89.272	-15.488	4	75
20040920	-75.118	-16.483	2	151
21/09/2004	-85.863	-8.921	5	200
23/09/2004	-87.806	-8.362	4	161
24/09/2004	-89.5	-11.132	3	132
20040927	-80.895	-12.594	2	182
02/10/2004	-70.272	-2.073	2	84
05/10/2004	-78.545	-17.394	4	144
07/10/2004	-82.234	-16.074	5	100
09/10/2004	-89.7	-8.733	2	114
20041010	-89.35	-12.882	5	40
12/10/2004	-86.067	-10.526	3	124
14/10/2004	-77.257	-17.338	5	25
17/10/2004	-88.142	-16.099	3	8
19/10/2004	-75.491	-4.4	2	195
19/10/2004	-85.307	-11.291	5	71
24/10/2004	-89.137	-15.921	2	4
24/10/2004	-86.554	-16.044	3	8
20041104	-70.295	-17.733	4	54
08/11/2004	-84.439	-15.522	1	191
09/11/2004	-84.63	-4.287	3	72
20041114	-76.486	-8.604	2	150
16/11/2004	-83.522	-13.808	2	10
21/11/2004	-80.586	-6.524	3	65
20041123	-83.958	-11.213	4	42
27/11/2004	-75.581	-2.423	4	175
20041201	-80.013	-13.64	2	85
20041206	-77.592	-14.739	4	93
20041208	-81.601	-13.421	2	180
11/12/2004	-80.258	-4.413	2	56
11/12/2004	-83.427	-9.345	4	30
20041212	-78.763	-2.837	5	191
17/12/2004	-72.429	-14.3	5	84
18/12/2004	-72.888	-3.308	4	31
20041218	-88.545	-11.718	5	144
20/12/2004	-85.979	-9.36	1	58
20041221	-77.745	-9.254	1	147
21/12/2004	-87.882	-6.937	5	132
20041222	-73.241	-7.603	1	15
20041224	-70.917	-7.983	3	107
20041226	-79.571	-14.667	2	43
26/12/2004	-76.923	-3.721	2	63
27/12/2004	-74.817	-4.869	4	73
20041228	-78.698	-14.081	3	27
20050101	-76.11	-2.899	1	25
03/01/2005	-88.4	-8.694	1	101
06/01/2005	-87.274	-3.405	2	148
12/01/2005	-79.351	-5.523	3	15
20050113	-81.251	-11.25	5	62
14/01/2005	-82.714	-2.457	2	43
15/01/2005	-74.152	-15.558	3	31
17/01/2005	-86.931	-15.928	1	129
20050117	-86.586	-14.45	4	149
26/01/2005	-82.119	-12.608	3	172
20050201	-80.889	-17.891	3	175
20050202	-83.822	-16.347	4	90
03/02/2005	-72.878	-6.718	1	168
05/02/2005	-89.906	-17.379	2	92
20050207	-77.465	-11.015	4	198
08/02/2005	-70.668	-9.364	3	176
20050212	-82.881	-8.474	2	10
20050212	-84.097	-11.31	5	136
15/02/2005	-84.175	-2.508	2	69
15/02/2005	-74.929	-6.86	3	43
20050219	-76.232	-14.38	1	96
27/02/2005	-85.612	-13.219	5	77
28/02/2005	-81.796	-8.934	1	152
20050228	-70.025	-2.242	3	92
20050305	-70.549	-13.406	1	62
20050305	-72.228	-5.363	5	3
07/03/2005	-77.809	-16.029	2	21
10/03/2005	-87.236	-12.814	3	86
11/03/2005	-87.001	-10.936	2	33
24/03/2005	-74.513	-12.617	4	86
25/03/2005	-82.809	-12.233	1	28
25/03/2005	-82.678	-15.657	5	52
01/04/2005	-85.253	-6.104	5	80
05/04/2005	-81.863	-3.777	2	171
20050408	-86.507	-4.584	5	159
20050413	-83.46	-8.905	5	175
15/04/2005	-76.888	-12.145	2	81
20050418	-85.652	-7.789	4	179
20/04/2005	-78.658	-2.05	3	48
20050420	-81.761	-16.867	5	35
20050424	-84.598	-17.434	1	79
27/04/2005	-75.722	-8.84	4	80
20050428	-70.174	-15.1	3	107
07/05/2005	-75.466	-17.102	1	71
07/05/2005	-72.844	-11.02	2	42
07/05/2005	-87.306	-8.208	2	182
10/05/2005	-89.371	-17.788	3	42
20050522	-79.409	-10.933	3	146
24/05/2005	-70.607	-3.52	5	136
20050526	-78.554	-13.555	5	142
01/06/2005	-82.941	-7.37	4	49
20050604	-86.462	-13.617	1	10
05/06/2005	-81.34	-3.926	2	12
20050605	-84.982	-16.051	5	97
08/06/2005	-81.207	-4.005	2	11
14/06/2005	-73.911	-16.954	2	67
24/06/2005	-77.72	-4.199	3	189
24/06/2005	-82.088	-6.899	3	139
01/07/2005	-70.577	-16.745	3	158
20050702	-85.786	-10.534	4	159
16/07/2005	-89.221	-8.919	4	77
16/07/2005	-71.742	-17.368	4	116
19/07/2005	-77.177	-8.979	3	131
20050801	-81.301	-4.754	1	124
01/08/2005	-81.819	-4.089	4	86
20050804	-79.824	-10.344	1	170
08/08/2005	-87.034	-11.059	5	125
09/08/2005	-80.533	-17.969	4	171
12/08/2005	-75.845	-4.721	4	16
13/08/2005	-85.924	-3.716	3	133
20050814	-86.582	-12.53	1	18
14/08/2005	-85.614	-2.405	5	90
15/08/2005	-87.74	-15.609	5	184
20050816	-85.015	-13.324	3	160
20050817	-82.233	-3.596	5	200
18/08/2005	-89.777	-4.633	4	123
19/08/2005	-81.453	-13.081	2	183
20050820	-70.918	-5.59	5	162
20050821	-82.779	-15.844	5	77
22/08/2005	-83.604	-11.024	5	179
26/08/2005	-82.448	-11.774	5	148
20050827	-79.237	-8.82	1	65
27/08/2005	-87.322	-13.597	3	171
20050904	-71.427	-6.563	3	96
20050904	-71.874	-16.001	5	115
20050905	-73.907	-4.659	1	60
05/09/2005	-71.658	-12.879	3	45
06/09/2005	-80.884	-15.249	3	56
07/09/2005	-88.218	-11.006	2	83
10/09/2005	-76.784	-5.491	5	74
16/09/2005	-84.354	-7.943	3	173
19/09/2005	-70.943	-6.654	5	158
27/09/2005	-89.03	-3.053	2	31
20050927	-82.559	-14.693	2	104
02/10/2005	-88.092	-10.9	2	100
20051002	-78.471	-13.571	3	191
20051004	-74.063	-10.195	1	25
08/10/2005	-87.638	-9.815	5	166
13/10/2005	-81.516	-9.049	3	134
20051017	-72.972	-4.66	5	144
24/10/2005	-83.683	-16.039	1	167
20051101	-86.333	-8.906	2	113
20051105	-89.518	-4.648	3	121
20051106	-76.457	-2.994	5	81
09/11/2005	-87.855	-7.162	4	97
10/11/2005	-85.638	-9.376	3	83
15/11/2005	-85.81	-14.364	3	132
20051118	-82.729	-17.269	2	15
20051122	-70.282	-7.703	4	181
24/11/2005	-80.164	-16.903	4	103
25/11/2005	-72.875	-12.75	3	179
20051126	-89.688	-3.578	1	20
20051126	-77.643	-2.714	2	174
20051204	-89.984	-4.786	1	189
20051205	-74.173	-17.459	5	143
11/12/2005	-85.926	-15.297	2	26
20051218	-83.58	-14.463	5	168
20/12/2005	-88.635	-3.841	4	101
26/12/2005	-73.879	-4.128	2	70
28/12/2005	-81.088	-12.035	1	161
01/01/2006	-73.335	-14.534	3	11
20060101	-89.408	-16.313	5	0
20060101	-72.613	-4.615	5	153
02/01/2006	-85.637	-16.075	3	175
05/01/2006	-72.638	-4.647	1	63
05/01/2006	-83.333	-8.565	4	76
13/01/2006	-86.512	-5.635	4	81
16/01/2006	-85.657	-4.611	3	173
19/01/2006	-76.944	-5.95	4	97
21/01/2006	-83.494	-8.303	1	140
20060124	-89.499	-14.848	1	10
25/01/2006	-77.274	-9.677	5	76
20060127	-85.095	-3.306	2	68
28/01/2006	-75.429	-10.664	5	111
02/02/2006	-70.03	-16.698	2	43
03/02/2006	-75.282	-4.813	5	135
20060207	-78.071	-15.663	2	194
20060208	-79.377	-9.059	4	94
10/02/2006	-77.073	-7.076	2	2
20060213	-77.919	-9.607	3	163
20060213	-86.88	-7.007	4	89
13/02/2006	-87.931	-7.195	5	151
14/02/2006	-82.759	-16.999	1	188
17/02/2006	-73.961	-7.603	1	19
18/02/2006	-71.687	-10.849	4	13
20/02/2006	-79.519	-3.022	5	5
20060221	-81.182	-17.78	4	13
20060222	-77.576	-8.499	2	84
23/02/2006	-80.658	-3.335	3	147
25/02/2006	-85.549	-11.891	1	127
28/02/2006	-85.324	-2.708	1	82
02/03/2006	-72.725	-14.835	2	8
04/03/2006	-73.827	-15.567	3	25
20060305	-81.986	-10.738	1	114
20060309	-82.627	-4.881	4	146
20060314	-81.462	-16.261	2	24
20060316	-77.942	-16.824	1	27
17/03/2006	-72.074	-12.959	2	50
17/03/2006	-73.126	-14.48	3	194
20060321	-89.621	-8.339	2	159
20060323	-71.96	-16.442	1	144
28/03/2006	-79.055	-9.874	5	198
20060401	-76.004	-12.519	2	65
01/04/2006	-74.804	-12.811	4	161
20060403	-73.951	-3.391	2	133
04/04/2006	-70.282	-3.823	2	1
20060406	-70.192	-3.035	1	4
20060406	-88.457	-16.322	4	76
20060406	-86.577	-10.611	4	37
07/04/2006	-84.317	-16.279	4	87
08/04/2006	-74.742	-17.731	5	30
10/04/2006	-81.268	-11.442	1	130
12/04/2006	-71.351	-4.817	5	109
13/04/2006	-83.258	-9.243	4	197
13/04/2006	-70.823	-16.903	5	55
17/04/2006	-70.787	-4.484	1	130
17/04/2006	-71.048	-15.737	3	196
20060417	-86.487	-4.737	4	57
20/04/2006	-81.404	-8.808	5	52
20060422	-89.931	-7.291	3	141
20060423	-83.232	-11.687	5	116
20060425	-86.513	-2.453	1	147
25/04/2006	-85.288	-4.138	2	126
20060501	-83.527	-5.782	3	149
06/05/2006	-86.614	-7.838	2	121
08/05/2006	-71.272	-4.923	1	47
20060513	-84.128	-7.845	5	134
13/05/2006	-83	-14.025	5	109
19/05/2006	-84.235	-5.891	3	63
20060601	-86.787	-4.913	5	76
04/06/2006	-89.248	-11.381	4	71
06/06/2006	-78.318	-12.113	1	49
20060606	-82.877	-5.897	3	57
20060610	-70.92	-7.074	1	3
10/06/2006	-74.936	-4.927	1	7
20060611	-77.442	-6.316	2	49
20060611	-75.552	-12.426	4	50
12/06/2006	-70.108	-7.023	1	122
12/06/2006	-80.154	-3.198	1	157
15/06/2006	-72.67	-9.372	1	195
20060615	-87.326	-12.314	4	59
20/06/2006	-88.028	-12.266	4	174
24/06/2006	-85.472	-4.356	1	187
27/06/2006	-75.709	-10.874	1	39
27/06/2006	-87.54	-6.606	2	129
28/06/2006	-80.676	-10.492	2	153
01/07/2006	-77.058	-11.17	3	158
03/07/2006	-70.361	-13.257	5	101
07/07/2006	-78.91	-11.496	1	188
08/07/2006	-85.91	-4.922	3	7
09/07/2006	-87.972	-16.432	1	147
09/07/2006	-74.001	-10.85	5	77
14/07/2006	-84.812	-4.975	4	191
20060716	-76.678	-5.715	2	87
16/07/2006	-79.991	-11.94	4	184
20060717	-81.856	-16.338	4	190
20/07/2006	-75.396	-10.93	1	44
23/07/2006	-71.002	-11.435	1	147
26/07/2006	-80.006	-11.637	5	83
20060728	-85.857	-14.688	1	60
20060803	-84.188	-6.084	5	103
05/08/2006	-86.252	-17.99	2	74
20060808	-82.306	-8.329	1	136
20060810	-76.278	-13.219	1	96
20060815	-89.726	-16.436	1	126
20060817	-73.268	-11.007	2	18
19/08/2006	-87.146	-3.051	4	192
22/08/2006	-80.896	-12.296	1	12
20060824	-71.545	-15.951	2	34
28/08/2006	-85.269	-17.79	2	83
20060903	-81.899	-16.241	2	91
04/09/2006	-79.714	-16.572	1	41
20060909	-84.693	-11.593	1	190
20060909	-85.883	-8.144	5	9
09/09/2006	-84.409	-14.901	5	198
10/09/2006	-73.743	-13.976	5	51
11/09/2006	-75.213	-12.26	2	19
12/09/2006	-77.929	-2.63	5	27
14/09/2006	-80.488	-15.454	1	0
16/09/2006	-77.193	-14.848	1	138
17/09/2006	-76.447	-17.481	4	100
20060918	-70.23	-16.524	1	86
19/09/2006	-84.354	-16.96	3	155
19/09/2006	-88.444	-12.81	5	173
20060921	-87.315	-4.163	1	147
21/09/2006	-74.1	-16.092	3	62
23/09/2006	-78.71	-16.112	5	48
24/09/2006	-86.159	-14.968	3	162
24/09/2006	-77.571	-3.729	5	121
20061001	-79.145	-4.325	3	122
01/10/2006	-80.374	-14.213	5	90
20061005	-76.065	-7.164	2	73
05/10/2006	-83.063	-12.537	3	22
05/10/2006	-78.01	-14.401	4	118
05/10/2006	-84.409	-14.691	5	104
06/10/2006	-72.395	-14.466	1	65
20061006	-80.728	-4.303	3	168
20061009	-77.159	-17.286	3	125
20061013	-71.728	-6.488	2	38
13/10/2006	-76.864	-17.88	5	38
20061014	-73.825	-6.741	2	20
17/10/2006	-82.642	-13.905	5	11
20061019	-86.627	-4.874	5	115
20061022	-73.281	-3.085	1	5
24/10/2006	-84.626	-15.619	1	135
25/10/2006	-79.386	-5.852	5	188
01/11/2006	-70.057	-8.682	2	10
03/11/2006	-80.372	-12.616	5	27
04/11/2006	-80.096	-2.338	2	114
20061104	-72.452	-12.194	5	90
20061106	-86.802	-3.63	3	4
20061108	-70.227	-8.694	3	85
20061111	-84.345	-17.448	2	139
15/11/2006	-80.667	-4.214	2	110
16/11/2006	-79.078	-9.776	3	52
20061117	-81.165	-10.001	1	100
20061118	-71.278	-11.429	2	122
19/11/2006	-74.629	-6.992	2	77
19/11/2006	-79.65	-4.108	5	123
28/11/2006	-83.172	-7.332	1	112
02/12/2006	-72.524	-12.855	3	66
04/12/2006	-78.363	-5.142	5	87
20061207	-79.153	-15.985	2	181
08/12/2006	-70.505	-9.047	1	6
10/12/2006	-85.743	-16.187	1	144
14/12/2006	-84.925	-6.715	3	145
20061219	-83.414	-12.267	1	143
20/12/2006	-74.181	-4.369	5	119
20061222	-77.693	-5.879	4	151
26/12/2006	-81.276	-6.706	1	58
26/12/2006	-79.084	-3.663	2	96
28/12/2006	-81.418	-9.913	5	152
20070103	-71.633	-15.304	3	110
20070107	-87.458	-11.334	5	45
08/01/2007	-75.132	-3.531	3	4
08/01/2007	-73.885	-9.849	4	85
10/01/2007	-72.835	-16.388	1	155
20070110	-77.001	-4.461	3	166
11/01/2007	-77.437	-7.782	5	12
13/01/2007	-85.774	-16.627	5	188
16/01/2007	-79.703	-10.327	1	23
18/01/2007	-82.598	-15.681	4	49
24/01/2007	-74.345	-6.913	2	84
24/01/2007	-70.982	-12.063	4	110
24/01/2007	-87.631	-17.44	4	62
25/01/2007	-70.523	-4.703	5	133
20070126	-71.925	-4.526	3	148
20070207	-71.661	-15.353	1	175
20070207	-79.748	-3.887	3	164
07/02/2007	-70.112	-16.597	5	33
20070211	-81.034	-11.309	1	94
20070211	-72.632	-10.343	4	96
18/02/2007	-89.934	-17.308	4	45
20070219	-88.845	-11.653	1	95
20070219	-86.246	-11.111	2	106
22/02/2007	-80.516	-10.313	2	93
28/02/2007	-83.132	-15.739	5	13
20070228	-75.843	-9.997	5	19
05/03/2007	-79.249	-16.285	4	177
07/03/2007	-82.152	-13.575	3	98
08/03/2007	-72.794	-15.038	2	67
20070308	-85.682	-14.111	2	45
09/03/2007	-74.292	-17.921	2	123
12/03/2007	-79.556	-16.845	1	103
12/03/2007	-72.491	-14.937	4	6
13/03/2007	-78.24	-16.316	1	126
20070313	-84.836	-10.789	3	1
20070314	-78.993	-8.889	4	146
20070323	-71.403	-3.852	2	59
24/03/2007	-89.746	-17.962	2	6
20070325	-82.896	-5.34	3	175
20070326	-71.226	-8.434	2	131
20070326	-89.493	-17.999	3	58
20070326	-84.133	-3.379	5	187
20070403	-85.9	-2.001	3	146
04/04/2007	-76.252	-11.606	5	161
20070406	-81.238	-8.13	3	85
06/04/2007	-88.194	-6.254	4	61
07/04/2007	-79.405	-17.442	2	165
12/04/2007	-76.57	-11.625	5	2
19/04/2007	-87.571	-13.308	3	138
21/04/2007	-74.421	-7.474	3	0
24/04/2007	-79.192	-12.173	5	173
20070502	-84.497	-16.591	1	129
03/05/2007	-81.632	-5.007	1	35
10/05/2007	-81.442	-4.549	2	155
14/05/2007	-88.99	-14.663	2	83
20070515	-70.583	-11.466	2	150
20070519	-80.343	-16.114	5	29
20070521	-84.149	-2.635	1	54
21/05/2007	-88.291	-9.529	2	132
05/06/2007	-74.084	-16.664	3	53
05/06/2007	-87.217	-8.568	3	100
06/06/2007	-80.113	-5.067	1	115
09/06/2007	-71.611	-17.135	2	180
11/06/2007	-72.399	-12.61	2	78
22/06/2007	-85.7	-13.7	4	103
24/06/2007	-74.496	-13.466	1	171
24/06/2007	-74.665	-10.474	3	82
20070625	-87.431	-14.983	1	147
25/06/2007	-72.173	-13.5	2	175
20070626	-70.233	-8.491	3	120
20070702	-88.838	-13.332	1	132
03/07/2007	-71.209	-7.41	3	142
20070703	-86.327	-15.727	5	21
04/07/2007	-73.771	-6.251	5	133
10/07/2007	-74.018	-16.68	4	137
11/07/2007	-75.222	-3.794	4	36
11/07/2007	-70.979	-13.374	4	195
14/07/2007	-76.87	-14.45	1	196
20070715	-79.818	-7.377	2	73
15/07/2007	-70.81	-16.413	4	72
18/07/2007	-88.344	-14.6	3	56
20070721	-86.807	-4.9	5	195
22/07/2007	-83.093	-14.725	3	44
23/07/2007	-84.581	-3.767	2	167
23/07/2007	-71.82	-17.876	4	125
24/07/2007	-79.485	-10.3	3	79
20070726	-78.408	-3.583	5	26
01/08/2007	-89.503	-13.46	5	87
02/08/2007	-84.863	-12.529	2	171
08/08/2007	-71.031	-3.649	5	84
20070814	-77.5	-10.611	4	153
22/08/2007	-74.67	-9.147	5	106
20070826	-78.384	-13.86	3	22
20070827	-75.819	-14.48	1	102
02/09/2007	-83.265	-10.496	2	57
20070904	-78.894	-14.493	4	170
12/09/2007	-76.803	-3.517	2	153
20070913	-77.945	-14.419	4	131
14/09/2007	-74.274	-12.186	1	92
14/09/2007	-84.713	-15.892	5	170
15/09/2007	-88.542	-2.664	4	194
20070919	-70.122	-7.95	4	168
20070922	-80.676	-12.264	1	67
22/09/2007	-75.824	-11.921	4	171
22/09/2007	-73.526	-6.698	5	107
20070926	-73.225	-12.341	5	119
20070927	-85.032	-15.79	3	5
02/10/2007	-77.496	-11.862	3	1
03/10/2007	-70.49	-17.755	1	151
20071004	-78.16	-14.802	2	124
04/10/2007	-89.036	-15.31	5	180
05/10/2007	-70.517	-6.055	1	20
06/10/2007	-80.635	-10.696	1	192
20071008	-75.597	-6.678	1	164
08/10/2007	-88.133	-16.866	4	58
20071011	-78.853	-3.441	1	46
14/10/2007	-76.374	-13.143	5	91
16/10/2007	-78.091	-8.467	5	145
19/10/2007	-81.029	-5.512	4	49
20071022	-87.413	-6.966	2	148
23/10/2007	-75.69	-3.152	5	156
20071024	-70.002	-16.539	1	170
20071024	-77.698	-17.159	5	200
27/10/2007	-87.299	-5.812	1	160
08/11/2007	-81.674	-14.739	4	53
09/11/2007	-74.745	-4.961	2	114
20071112	-83.491	-5.382	5	0
20071115	-86.047	-4.859	4	52
22/11/2007	-88.924	-7.16	2	170
22/11/2007	-74.346	-9.568	3	48
24/11/2007	-72.999	-17.271	1	194
24/11/2007	-70.792	-9.695	2	38
25/11/2007	-71.424	-12.452	4	159
25/11/2007	-84.262	-11.045	5	144
26/11/2007	-79.033	-16.351	5	0
27/11/2007	-77.373	-6.494	1	197
20071127	-86.468	-5.901	3	116
28/11/2007	-71.834	-7.071	4	21
01/12/2007	-77.436	-5.172	1	196
02/12/2007	-74.912	-13.741	2	197
02/12/2007	-71.878	-15.23	5	7
04/12/2007	-78.187	-7.054	4	164
07/12/2007	-73.177	-12.195	5	78
20071209	-82.112	-4.14	5	20
18/12/2007	-84.032	-6.678	1	138
26/12/2007	-85.831	-11.631	1	120
20071227	-82.293	-16.366	1	30
27/12/2007	-86.956	-5.444	4	156
28/12/2007	-76.974	-7.187	5	195
20080103	-74.663	-9.463	4	134
05/01/2008	-82.145	-11.141	1	16
06/01/2008	-80.334	-11.654	1	184
13/01/2008	-84.482	-14.836	3	79
16/01/2008	-86.911	-5.988	3	143
20080117	-88.679	-10.779	2	116
22/01/2008	-82.084	-6.791	2	64
27/01/2008	-84.591	-6.758	5	111
04/02/2008	-84.533	-15.746	3	186
05/02/2008	-80.409	-4.546	3	39
07/02/2008	-87.754	-10.575	2	188
09/02/2008	-87.354	-15.177	4	76
09/02/2008	-76.146	-17.444	5	87
12/02/2008	-77.924	-11.616	2	113
12/02/2008	-78.776	-10.531	4	48
14/02/2008	-89.903	-5.039	3	150
19/02/2008	-88.86	-17.524	3	37
20/02/2008	-74.308	-9.55	1	177
23/02/2008	-75.749	-15.935	2	5
20080225	-75.713	-8.691	4	177
01/03/2008	-73.845	-4.485	2	75
01/03/2008	-87.771	-9.259	3	120
02/03/2008	-87.351	-14.98	3	85
04/03/2008	-70.099	-11.643	4	65
06/03/2008	-80.618	-12.746	2	18
08/03/2008	-78.985	-16.864	4	25
10/03/2008	-89.139	-3.15	1	140
15/03/2008	-70.435	-8.667	4	105
17/03/2008	-71.805	-14.773	3	121
21/03/2008	-79.961	-17.16	5	70
26/03/2008	-77.702	-7.972	2	42
20080327	-73.237	-12.162	3	39
28/03/2008	-78.177	-5.906	4	161
28/03/2008	-89.268	-15.212	4	164
05/04/2008	-85.143	-11.457	1	69
20080408	-71.258	-3.565	3	150
08/04/2008	-77.645	-13.156	3	43
20080409	-83.389	-12.711	5	148
09/04/2008	-86.214	-17.686	5	45
20080411	-70.635	-8.253	5	105
12/04/2008	-73.043	-15.76	1	174
16/04/2008	-74.693	-9.921	4	136
18/04/2008	-76.651	-6.356	4	50
22/04/2008	-78.055	-7.295	1	198
20080427	-80.518	-15.455	2	153
20080504	-74.969	-14.675	4	131
04/05/2008	-83.572	-12.968	4	47
15/05/2008	-85.684	-8.316	5	113
18/05/2008	-83.969	-3.787	5	196
20/05/2008	-82.149	-16.384	1	50
20080523	-78.1	-5.434	3	100
01/06/2008	-89.532	-3.513	1	72
03/06/2008	-73.177	-8.014	1	154
03/06/2008	-74.818	-16.093	2	13
20080603	-72.037	-6.877	5	145
10/06/2008	-72.984	-16.237	5	194
14/06/2008	-79.716	-10.53	5	79
20080615	-82.208	-3.884	5	46
15/06/2008	-84.788	-9.198	5	174
19/06/2008	-75.202	-12.349	3	20
20/06/2008	-70.486	-7.951	1	128
20080625	-74.54	-5.618	3	102
25/06/2008	-86.757	-13.221	5	186
20080711	-79.194	-4.15	4	66
12/07/2008	-84.416	-17.072	1	38
21/07/2008	-80.078	-10.132	5	99
23/07/2008	-87.941	-7.31	4	170
23/07/2008	-83.588	-17.487	4	107
28/07/2008	-71.255	-3.184	1	200
20080802	-79.813	-7.428	2	106
04/08/2008	-85.47	-5.351	4	170
06/08/2008	-82.884	-4.97	1	109
15/08/2008	-71.528	-8.84	2	104
17/08/2008	-78.577	-5.419	1	51
18/08/2008	-83.326	-10.676	1	105
20080818	-88.93	-8.733	3	196
26/08/2008	-72.777	-11.656	2	14
26/08/2008	-77.793	-10.963	5	15
20080901	-87.99	-6.742	1	166
03/09/2008	-81.205	-17.884	5	2
04/09/2008	-81.056	-5.867	1	124
09/09/2008	-72.309	-10.899	3	108
20080913	-84.44	-9.483	3	46
15/09/2008	-78.985	-7.314	5	170
15/09/2008	-83.389	-10.28	5	107
24/09/2008	-87.569	-8.347	4	151
26/09/2008	-83.648	-15.619	2	103
20081004	-72.551	-9.284	5	113
05/10/2008	-71.576	-12.225	1	140
05/10/2008	-76.9	-17.92	3	84
20081007	-77.01	-5.238	5	11
20081011	-84.73	-6.891	5	110
13/10/2008	-83.784	-13.139	1	46
15/10/2008	-83.093	-12.03	3	81
20081020	-74.42	-13.48	5	60
04/11/2008	-81.842	-8.069	1	122
20081104	-78.921	-3.529	3	15
20081109	-71.211	-10.093	2	129
11/11/2008	-85.698	-10.389	3	8
13/11/2008	-84.842	-8.471	4	53
15/11/2008	-87.121	-17.715	2	50
15/11/2008	-88.892	-12.284	3	170
15/11/2008	-78.055	-3.486	3	149
15/11/2008	-73.918	-12.73	4	191
18/11/2008	-78.238	-15.615	5	174
20081121	-79.178	-4.758	1	196
20081123	-89.757	-11.818	2	104
26/11/2008	-80.247	-16.941	1	144
05/12/2008	-83.377	-5.265	2	63
20081207	-79.475	-5.511	3	171
07/12/2008	-84.659	-2.461	3	22
09/12/2008	-83.544	-16.861	1	122
20081212	-80.999	-7.375	2	99
20081215	-77.025	-14.105	3	114
22/12/2008	-80.903	-11.793	4	59
20081223	-78.823	-12.053	1	167
24/12/2008	-80.394	-6.73	2	84
01/01/2009	-84.561	-8.477	2	182
05/01/2009	-89.548	-2.797	3	147
20090110	-87.615	-10.082	2	116
26/01/2009	-86.942	-6.851	2	70
28/01/2009	-89.395	-2.628	2	103
01/02/2009	-87.482	-14.833	1	133
02/02/2009	-83.714	-14.184	4	82
20090206	-88.664	-5.655	1	71
20090206	-77.547	-3.098	3	48
20090206	-83.406	-13.758	4	146
20090211	-82.721	-7.272	5	18
12/02/2009	-85.13	-14.917	4	94
20090214	-86.77	-7.871	1	144
20/02/2009	-81.225	-10.205	3	9
21/02/2009	-81.385	-3.865	5	121
22/02/2009	-75.864	-8.396	3	105
24/02/2009	-82.094	-3.933	1	21
20090225	-77.958	-14.509	3	176
20090302	-81.219	-6.146	3	167
02/03/2009	-81.948	-7.131	3	163
06/03/2009	-70.321	-13.997	4	27
20090309	-73.23	-8.651	4	33
20090310	-84.809	-6.702	1	3
10/03/2009	-86.481	-17.554	4	113
13/03/2009	-87.006	-8.102	2	129
15/03/2009	-80.081	-5.605	1	127
20/03/2009	-76.189	-6.327	4	30
20090321	-87.092	-12.404	4	183
20090328	-72.509	-15.997	2	112
01/04/2009	-73.739	-7.852	5	35
02/04/2009	-78.085	-12.601	1	151
20090404	-77.051	-9.475	3	129
06/04/2009	-84.24	-11.744	1	152
08/04/2009	-85.343	-7.726	3	17
20090409	-79.596	-5.898	4	52
20090413	-74.99	-2.017	4	41
14/04/2009	-83.183	-3.607	3	178
16/04/2009	-79.221	-7.138	1	26
20090417	-78.691	-2.794	5	101
20090419	-70.548	-13.062	1	132
27/04/2009	-85.678	-11.034	4	98
20090501	-78.383	-16.497	3	108
20090504	-85.318	-8.206	4	191
04/05/2009	-81.657	-7.855	5	76
20090507	-85.789	-6.814	2	55
11/05/2009	-80.237	-10.924	2	106
20090516	-76.788	-4.189	5	116
23/05/2009	-82.156	-12.455	2	100
23/05/2009	-70.564	-6.435	3	49
20090523	-83.735	-8.999	5	30
20090524	-81.045	-10.404	3	6
25/05/2009	-75.048	-15.221	3	96
20090527	-70.071	-17.163	1	64
27/05/2009	-78.92	-15.673	3	53
04/06/2009	-89.24	-6.828	2	50
04/06/2009	-74.988	-11.106	4	163
20090607	-83.602	-2.272	3	37
10/06/2009	-89.855	-14.383	4	2
20090617	-82.946	-2.712	3	54
21/06/2009	-88.273	-3.401	1	197
20090625	-79.456	-16.123	1	58
26/06/2009	-72.067	-6.889	2	192
02/07/2009	-89.085	-13.422	3	62
03/07/2009	-82.072	-4.976	2	152
17/07/2009	-88.376	-6.964	1	6
19/07/2009	-88.212	-3.923	5	103
20090724	-88.91	-7.546	5	93
28/07/2009	-87.976	-16.514	4	70
03/08/2009	-76.493	-7.305	2	159
05/08/2009	-82.154	-8.238	5	114
08/08/2009	-74.947	-3.203	1	146
11/08/2009	-72.531	-13.272	3	14
14/08/2009	-80.143	-5.331	3	39
20090816	-87.981	-4.913	1	62
17/08/2009	-74.112	-14.139	1	188
17/08/2009	-70.475	-4.706	5	71
20090822	-85.449	-17.295	4	1
20090822	-81.062	-16.217	5	161
01/09/2009	-84.832	-10.958	3	157
03/09/2009	-84.68	-7.681	3	182
20090906	-78.341	-9.956	4	189
12/09/2009	-84.77	-6.96	1	65
16/09/2009	-84.281	-12.247	3	146
20090919	-72.439	-7.732	5	34
20/09/2009	-71.314	-7.845	4	99
20090921	-77.273	-2.117	1	60
20090922	-87.064	-12.914	4	26
23/09/2009	-73.786	-2.684	1	82
24/09/2009	-84.325	-11.823	1	169
25/09/2009	-70.806	-6.115	1	111
25/09/2009	-81.459	-17.51	3	198
26/09/2009	-85.763	-17.839	5	35
20091002	-79.855	-15.262	4	187
20091008	-82.748	-8.824	2	3
12/10/2009	-71.937	-8.243	3	78
20091014	-89.32	-9.73	2	1
15/10/2009	-80.529	-14.275	1	61
20091016	-72.973	-9.215	1	46
17/10/2009	-75.91	-5.614	4	116
19/10/2009	-78.847	-5.202	3	114
20/10/2009	-70.215	-12.023	2	105
22/10/2009	-88.662	-7.183	4	116
20091023	-76.247	-3.253	2	116
20091024	-74.334	-14.452	2	163
03/11/2009	-86.496	-5.432	1	172
05/11/2009	-78.332	-11.549	1	67
13/11/2009	-86.249	-10.422	3	14
16/11/2009	-85.533	-16.004	4	37
17/11/2009	-77.57	-8.155	2	17
20091118	-79.317	-15.638	3	8
19/11/2009	-71.349	-12.135	1	81
20/11/2009	-86.207	-16.908	3	28
20091123	-79.894	-12.613	1	135
24/11/2009	-86.68	-17.306	3	130
24/11/2009	-87.255	-16.986	5	4
20091206	-75.077	-10.499	3	161
07/12/2009	-81.936	-16.692	4	77
10/12/2009	-78.488	-2.876	4	138
17/12/2009	-74.104	-12.276	5	17
20/12/2009	-87.191	-11.496	4	25
20091222	-81.15	-3.986	4	32
26/12/2009	-73.447	-13.043	2	185
02/01/2010	-83.223	-14.267	1	180
03/01/2010	-73.91	-14.062	3	105
20100104	-78.87	-7.851	4	197
04/01/2010	-89.119	-4.523	4	16
04/01/2010	-82.861	-14.945	5	48
20100105	-88.696	-15.691	3	101
06/01/2010	-74.801	-6.839	3	188
10/01/2010	-75.952	-6.861	5	47
12/01/2010	-83.538	-4.523	2	48
20100115	-70.493	-3.042	2	176
15/01/2010	-83.967	-7.495	3	148
17/01/2010	-86.635	-8.974	4	196
19/01/2010	-70.636	-16.604	5	0
25/01/2010	-73.795	-8.498	5	100
01/02/2010	-85.534	-17.418	2	57
20100203	-82.848	-11.111	5	76
20100204	-81.21	-2.279	4	67
05/02/2010	-72.776	-15.069	1	169
06/02/2010	-71.575	-3.113	4	175
20100207	-78.752	-15.883	2	36
20100210	-73.335	-17.125	5	177
14/02/2010	-88.462	-13.28	5	110
20100215	-70.391	-4.346	4	26
15/02/2010	-78.145	-16.574	5	44
16/02/2010	-71.117	-9.191	1	74
21/02/2010	-76.431	-5.608	4	75
23/02/2010	-80.538	-15.032	4	51
20100224	-74.445	-10.283	4	16
20100225	-88.666	-7.409	1	163
25/02/2010	-80.218	-4.231	3	14
26/02/2010	-78.841	-10.507	4	195
27/02/2010	-83.401	-14.082	5	119
20100301	-77.355	-7.866	5	132
20100303	-87.566	-16.958	3	112
07/03/2010	-81.899	-7.405	4	159
09/03/2010	-85.144	-15.269	1	197
12/03/2010	-88.847	-12.588	3	96
20/03/2010	-80.802	-8.739	3	116
22/03/2010	-86.106	-10.078	3	107
20100327	-76.477	-15.246	2	72
20100404	-79.966	-7.373	4	187
20100406	-86.364	-5.05	2	131
07/04/2010	-79.531	-17.151	4	104
20100409	-86.108	-14.171	2	100
09/04/2010	-71.714	-17.066	3	84
11/04/2010	-84.457	-5.538	3	8
20100413	-70.907	-4.829	2	22
20100414	-83.454	-11.213	2	63
20100414	-83.004	-11.735	3	145
20100415	-76.728	-11.181	3	177
20100416	-70.166	-6.824	4	100
20100421	-89.336	-9.439	2	49
26/04/2010	-79.856	-13.078	3	22
27/04/2010	-75.762	-14.916	1	39
02/05/2010	-81.463	-11.521	2	119
20100503	-70.811	-14.159	1	169
20100506	-79.466	-5.113	3	126
13/05/2010	-79.351	-17.789	1	69
20100513	-81.417	-9.797	5	26
17/05/2010	-72.462	-5.124	1	36
23/05/2010	-89.691	-17.725	3	32
23/05/2010	-85.874	-15.282	3	161
23/05/2010	-79.345	-6.643	4	104
24/05/2010	-72.816	-15.595	1	134
27/05/2010	-72.438	-15.541	4	73
01/06/2010	-81.016	-6.894	3	125
05/06/2010	-82.607	-11.446	1	119
08/06/2010	-78.707	-16.691	2	99
08/06/2010	-70.054	-8.445	3	128
20100615	-77.075	-3.286	4	34
21/06/2010	-74.349	-11.477	4	50
22/06/2010	-89.587	-15.562	5	91
20100623	-80.575	-14.245	1	143
20100623	-71.596	-12.383	3	60
20100702	-77.079	-6.415	5	152
03/07/2010	-85.749	-4.897	1	170
05/07/2010	-82.996	-16.149	2	199
06/07/2010	-73.079	-7.878	4	142
06/07/2010	-80.377	-7.241	4	46
20100709	-80.547	-10.018	3	90
10/07/2010	-74.829	-10.341	1	13
20100711	-74.138	-16.286	3	45
20100714	-81.307	-11.817	2	191
20100717	-78.194	-8.741	5	116
17/07/2010	-70.382	-8.188	5	19
20100721	-84.407	-6.921	1	108
21/07/2010	-84.52	-5.364	5	55
23/07/2010	-73.822	-8.739	1	3
24/07/2010	-88.721	-13.411	3	141
20100727	-85.243	-15.325	4	92
20100728	-82.359	-14.498	4	87
20100803	-89.777	-6.262	1	51
07/08/2010	-72.978	-14.842	5	33
09/08/2010	-71.794	-16.042	2	194
17/08/2010	-77.307	-16.199	2	42
20100818	-81.046	-14.616	4	121
20100818	-82.262	-8.501	5	79
20100819	-74.888	-10.501	2	58
24/08/2010	-82.514	-11.312	4	152
20100825	-70.505	-3.847	4	198
20100826	-76.407	-9.871	2	69
28/08/2010	-72.894	-7.593	5	183
20100904	-89.814	-10.426	3	86
20100908	-85.198	-9.059	3	127
10/09/2010	-82.15	-14.381	4	30
20100913	-83.797	-6.192	1	158
20100914	-89.416	-5.347	3	41
15/09/2010	-71.493	-5.107	1	200
15/09/2010	-84.653	-12.617	5	54
18/09/2010	-86.755	-4.914	5	143
20100922	-77.842	-17.573	1	170
27/09/2010	-78.471	-3.805	1	108
27/09/2010	-71.668	-14.832	5	34
20101005	-89.651	-3.135	2	103
06/10/2010	-77.82	-7.615	2	178
06/10/2010	-88.498	-16.693	3	188
11/10/2010	-75.223	-6.013	2	6
17/10/2010	-78.761	-8.599	1	187
23/10/2010	-78.818	-9.001	4	73
25/10/2010	-86.912	-7.178	1	92
20101107	-76.369	-2.172	1	104
20101107	-79.431	-12.448	4	55
08/11/2010	-89.578	-2.404	3	170
11/11/2010	-82.07	-13.637	2	177
16/11/2010	-79.438	-13.504	4	196
17/11/2010	-85.482	-2.973	5	47
18/11/2010	-74.91	-15.394	1	187
20101121	-86.141	-15.443	4	166
27/11/2010	-73.176	-8.951	2	50
27/11/2010	-82.219	-7.882	3	34
20101201	-82.216	-3.725	2	2
07/12/2010	-84.077	-14.106	4	125
09/12/2010	-88.161	-15.854	5	38
10/12/2010	-74.031	-16.409	1	65
20101218	-73.768	-16.113	3	119
20101219	-73.385	-4.205	5	178
25/12/2010	-82.279	-13.245	4	87
27/12/2010	-71.388	-10.771	5	162
20110101	-71.336	-11.702	4	62
20110102	-86.887	-17.896	5	119
20110103	-72.725	-8.946	2	132
20110108	-82.243	-16.443	2	196
11/01/2011	-85.966	-5.87	1	132
12/01/2011	-81.148	-6.327	3	106
20110116	-78.722	-15.895	4	198
17/01/2011	-81.945	-8.528	4	185
23/01/2011	-81.073	-13.848	1	86
23/01/2011	-72.438	-9.417	2	53
27/01/2011	-82.419	-13.658	5	48
20110202	-73.95	-4.079	1	178
02/02/2011	-75.913	-11.883	2	29
20110207	-83.742	-14.482	1	196
10/02/2011	-77.71	-4.885	4	89
16/02/2011	-71.687	-4.01	1	192
18/02/2011	-81.468	-17.683	3	105
19/02/2011	-72.092	-3.122	2	69
24/02/2011	-87.179	-15.202	5	60
20110225	-89.463	-3.506	1	72
25/02/2011	-84.861	-2.376	5	164
20110228	-70.29	-10.934	2	127
03/03/2011	-81.452	-16.681	3	166
20110303	-78.454	-5.743	4	139
20110309	-74.77	-3.199	2	121
09/03/2011	-84.605	-5.794	4	130
20110311	-87.854	-13.325	2	146
20110314	-83.915	-10.11	2	39
18/03/2011	-75.81	-17.664	1	28
19/03/2011	-89.662	-6.425	1	96
20/03/2011	-77.814	-11.948	1	159
25/03/2011	-79.839	-13.016	1	125
27/03/2011	-83.157	-12.238	2	160
20110327	-71.114	-12.52	2	200
20110401	-70.221	-12.385	3	22
20110401	-81.506	-3.489	5	94
20110402	-71.938	-5.418	3	57
05/04/2011	-87.051	-17.561	3	117
20110408	-72.927	-4.631	2	130
11/04/2011	-77.492	-17.498	4	117
11/04/2011	-80.539	-11.873	4	79
14/04/2011	-74.877	-11.623	5	40
20110416	-72.449	-2.789	3	50
19/04/2011	-84.732	-8.206	5	188
20/04/2011	-71.954	-10.136	1	135
22/04/2011	-86.416	-12.588	5	65
23/04/2011	-85.029	-6.104	5	36
25/04/2011	-82.029	-6.048	2	94
20110427	-71.765	-7.086	5	77
01/05/2011	-78.839	-12.111	2	65
02/05/2011	-75.057	-15.469	4	171
04/05/2011	-82.412	-5.92	3	166
06/05/2011	-79.22	-6.679	5	0
11/05/2011	-82.133	-15.263	2	150
20110513	-89.334	-4.003	2	101
18/05/2011	-81.947	-10.918	1	60
18/05/2011	-80.6	-3.755	2	122
18/05/2011	-78.63	-4.375	5	56
25/05/2011	-83.035	-6.976	4	71
25/05/2011	-82.926	-14.989	5	65
27/05/2011	-88.62	-12.733	1	188
03/06/2011	-88.095	-15.822	4	129
04/06/2011	-86.421	-3.302	2	56
20110604	-84.669	-3.356	4	178
05/06/2011	-78.184	-16.777	4	77
06/06/2011	-79.229	-3.725	2	34
20110607	-72.112	-4.269	5	94
11/06/2011	-85.196	-8.805	1	54
11/06/2011	-89.564	-15.959	5	16
20110612	-85.287	-10.747	3	52
20110617	-78.42	-4.48	2	114
20/06/2011	-82.695	-15.279	2	70
23/06/2011	-71.546	-5.915	5	45
27/06/2011	-87.18	-4.968	2	76
27/06/2011	-75.795	-3.426	3	114
10/07/2011	-88.827	-13.811	1	68
20110710	-81.653	-7.191	5	179
11/07/2011	-83.109	-11.664	1	15
11/07/2011	-72.993	-17.132	3	189
20110714	-79.278	-5.155	3	193
20110715	-74.555	-13.169	2	122
16/07/2011	-70.042	-13.959	1	19
19/07/2011	-74.446	-16.248	5	25
22/07/2011	-73.721	-10.899	2	19
22/07/2011	-89.239	-12.823	5	112
26/07/2011	-75.893	-2.673	3	128
04/08/2011	-73.273	-8.113	4	70
12/08/2011	-79.845	-3.993	5	24
14/08/2011	-85.304	-15.635	4	134
19/08/2011	-80.957	-11.468	3	111
23/08/2011	-86.287	-2.047	2	114
24/08/2011	-73.761	-4.124	1	138
24/08/2011	-77.226	-8.363	2	12
25/08/2011	-84.645	-5.092	4	5
28/08/2011	-76.608	-14.27	3	88
20110903	-88.995	-12.981	2	10
06/09/2011	-89.019	-9.55	4	200
20110906	-81.58	-14.372	5	183
08/09/2011	-89.386	-6.012	2	158
20110913	-85.759	-10.963	4	133
20110914	-87.677	-16.502	2	126
17/09/2011	-84.215	-8.253	3	52
20110925	-88.111	-16.989	3	160
20110925	-70.389	-11.669	5	9
27/09/2011	-80.12	-16.168	4	40
20110927	-76.693	-4.68	5	51
20110928	-72.877	-9.561	4	33
28/09/2011	-72.102	-14.691	4	4
20111001	-81.8	-12.875	4	147
06/10/2011	-71.752	-14.964	4	196
06/10/2011	-74.677	-8.035	4	97
20111008	-88.641	-2.708	2	197
11/10/2011	-89.492	-6.222	1	195
11/10/2011	-75.644	-11.534	3	49
13/10/2011	-86.64	-15.583	3	156
14/10/2011	-73.196	-8.273	3	93
15/10/2011	-87.493	-5.847	2	127
15/10/2011	-79.905	-6.436	5	19
20111017	-77.353	-14.073	3	24
19/10/2011	-85.29	-16.849	2	61
21/10/2011	-77.092	-5.208	4	89
20111022	-85.06	-12.089	4	158
22/10/2011	-70.928	-6.689	5	18
20111023	-82.38	-15.628	3	75
28/10/2011	-83.28	-8.218	4	185
03/11/2011	-88.108	-5.617	4	54
04/11/2011	-70.09	-13.1	3	158
20111104	-72.275	-7.62	5	43
20111113	-85.093	-10.534	1	146
13/11/2011	-73.474	-6.564	5	63
20111114	-74.68	-5.48	2	198
20111115	-72.319	-15.165	1	80
15/11/2011	-74.268	-2.459	5	20
24/11/2011	-71.524	-6.301	2	153
20111124	-70.232	-17.521	4	10
27/11/2011	-76.685	-12.913	4	45
28/11/2011	-73.904	-5.125	4	146
02/12/2011	-82.247	-4.379	4	92
07/12/2011	-84.363	-12.826	4	144
20111212	-84.93	-15.273	2	192
15/12/2011	-79.18	-2.124	1	23
20111215	-85.661	-14.862	5	134
19/12/2011	-84.665	-17.648	2	117
19/12/2011	-73.518	-2.481	5	9
21/12/2011	-83.328	-17.484	5	83
24/12/2011	-72.614	-16.059	4	122
20111227	-71.388	-15.577	4	160
28/12/2011	-72.113	-15.214	1	183
28/12/2011	-89.053	-9.613	4	123
20120105	-84.925	-9.537	3	38
06/01/2012	-76.449	-5.444	5	77
08/01/2012	-85.32	-14.663	3	100
12/01/2012	-78.678	-7.679	1	46
12/01/2012	-80.516	-6.178	3	94
12/01/2012	-89.36	-2.355	5	130
20120112	-72.222	-14.633	5	196
17/01/2012	-76.229	-3.714	5	59
20120121	-83.939	-11.245	3	115
20120121	-75.416	-10.281	5	196
20120125	-72.246	-3.607	3	6
25/01/2012	-76.447	-3.269	5	105
26/01/2012	-83.331	-4.631	2	100
01/02/2012	-85.254	-17.369	2	49
06/02/2012	-86.943	-16.256	1	2
07/02/2012	-71.145	-8.739	5	184
08/02/2012	-71.233	-10.426	2	75
08/02/2012	-70.875	-8.508	2	66
20120211	-85.97	-9.98	4	120
20120215	-72.998	-12.836	5	5
20120216	-70.937	-16.791	1	164
05/03/2012	-85.25	-15.231	5	132
07/03/2012	-84.417	-12.74	5	152
08/03/2012	-86.799	-7.439	2	85
11/03/2012	-79.439	-13.777	2	31
20120311	-85.595	-2.559	2	4
13/03/2012	-76.661	-3.447	2	88
16/03/2012	-72.044	-8.462	4	96
20120317	-72.845	-3.795	4	119
20/03/2012	-77.356	-13.4	4	19
20120321	-73.453	-17.719	5	189
26/03/2012	-84.497	-13.905	4	70
20120327	-72.891	-9.043	4	11
28/03/2012	-82.364	-5.911	1	129
20120401	-81.4	-14.198	4	91
04/04/2012	-75.623	-8.109	5	122
20120406	-74.233	-6.91	3	16
06/04/2012	-82.478	-3.341	3	151
09/04/2012	-89.612	-5.873	5	185
11/04/2012	-89.223	-15.451	3	164
20120412	-73.357	-10.766	5	51
14/04/2012	-77.022	-15.567	3	170
15/04/2012	-83.378	-16.937	2	109
16/04/2012	-88.549	-6.547	4	138
20120422	-86.24	-9.838	2	187
20120424	-88.948	-16.873	1	25
26/04/2012	-72.964	-9.61	2	146
20120427	-70.508	-5.079	1	90
05/05/2012	-77.143	-15.562	2	149
07/05/2012	-74.253	-3.146	5	173
11/05/2012	-87.178	-5.639	4	178
12/05/2012	-70.35	-16.696	2	120
19/05/2012	-89.753	-13.412	5	54
21/05/2012	-71.586	-13.093	2	35
21/05/2012	-81.526	-12.304	3	116
24/05/2012	-82.223	-8.596	3	62
20120525	-77.098	-7.39	4	146
20120525	-84.636	-6.67	5	169
20120528	-70.536	-4.056	5	135
20120601	-78.521	-6.039	5	104
03/06/2012	-73.773	-2.707	1	145
20120603	-87.1	-7.063	3	145
07/06/2012	-71.48	-14.43	2	159
20120607	-85.026	-8.059	3	0
09/06/2012	-78.735	-12.304	5	95
12/06/2012	-85.586	-4.644	5	152
20120616	-81.98	-4.108	1	129
18/06/2012	-80.127	-17.881	2	183
21/06/2012	-73.54	-10.694	5	185
20120627	-73.846	-12.598	4	196
01/07/2012	-89.556	-2.553	4	56
02/07/2012	-73.027	-17.387	1	131
03/07/2012	-84.53	-3.61	1	86
20120704	-73.148	-16.449	4	70
06/07/2012	-74.441	-8.628	1	40
20120707	-72.566	-4.495	4	145
08/07/2012	-77.079	-7.48	2	56
10/07/2012	-72.032	-9.48	4	129
20120711	-88.338	-13.814	5	144
20120713	-80.897	-7.896	5	185
16/07/2012	-71.002	-12.449	1	175
17/07/2012	-86.94	-7.865	2	35
17/07/2012	-89.21	-10.814	2	147
17/07/2012	-78.863	-2.642	4	168
20120718	-86.259	-17.203	3	124
27/07/2012	-77.071	-9.141	4	74
07/08/2012	-89.378	-15.195	3	53
11/08/2012	-72.722	-9.45	2	91
20120812	-77.456	-14.339	2	189
20120812	-77.504	-16.592	5	120
14/08/2012	-73.197	-16.029	2	10
15/08/2012	-80.6	-5.725	4	172
19/08/2012	-74.252	-4.823	4	36
20120823	-87.259	-15.14	1	95
24/08/2012	-71.941	-7.188	1	139
20120826	-76.75	-5.323	5	48
03/09/2012	-76.777	-15.569	4	42
03/09/2012	-86.601	-12.284	5	131
05/09/2012	-84.903	-17.275	5	193
09/09/2012	-87.558	-15.01	3	199
10/09/2012	-80.755	-10.791	4	81
13/09/2012	-89.191	-9.253	3	70
16/09/2012	-78.126	-7.476	4	161
20120916	-74.428	-8.251	5	70
20120917	-72.94	-11.482	3	169
20120917	-86.112	-12.99	5	27
22/09/2012	-89.308	-6.292	5	92
22/09/2012	-72.506	-4.266	5	115
20120923	-75.799	-10.334	2	137
20120924	-87.279	-11.359	5	92
25/09/2012	-84.525	-2.405	1	86
27/09/2012	-88.348	-4.246	3	130
27/09/2012	-86.442	-5.66	4	180
04/10/2012	-84.53	-13.209	3	86
20121005	-82.717	-11.344	1	71
20121006	-77.628	-11.406	4	179
20121007	-71.602	-9.871	2	93
20121011	-85.036	-7.897	3	20
13/10/2012	-72.802	-3.695	4	110
14/10/2012	-79.773	-6.412	5	7
15/10/2012	-76.189	-3.281	1	171
17/10/2012	-77.038	-2.515	3	143
19/10/2012	-78.293	-17.153	2	36
20121022	-89.925	-13.627	2	36
22/10/2012	-86.93	-5.697	5	46
20121023	-74.337	-10.719	5	156
20121024	-83.216	-9.374	3	62
03/11/2012	-71.681	-17.97	2	171
10/11/2012	-87.906	-8.405	5	34
20121112	-87.947	-17.165	1	191
20121112	-74.765	-8.225	4	163
15/11/2012	-74.26	-12.466	5	121
20/11/2012	-87.522	-4.872	5	83
21/11/2012	-74.499	-3.798	5	15
24/11/2012	-70.334	-2.768	5	116
28/11/2012	-72.549	-3.159	3	22
20121128	-80.7	-3.786	5	36
05/12/2012	-86.181	-9.541	4	122
20121213	-80.528	-12.122	2	197
13/12/2012	-83.778	-7.706	2	90
14/12/2012	-75.613	-16.523	4	38
16/12/2012	-84.785	-8.043	3	181
20121219	-76.076	-16.805	2	176
19/12/2012	-72.389	-13.817	5	24
23/12/2012	-78.225	-15.393	5	54
20121227	-87.475	-6.41	2	99
20121228	-82.492	-6.207	1	88
02/01/2013	-71.761	-14.168	5	104
20130104	-77.747	-2.469	4	136
09/01/2013	-76.742	-3.303	4	35
15/01/2013	-72.693	-10.646	3	186
15/01/2013	-86.531	-14.212	4	139
16/01/2013	-76.323	-4.925	4	62
18/01/2013	-75.751	-6.432	4	18
20130119	-72.176	-4.95	4	13
19/01/2013	-81.776	-14.21	4	138
20/01/2013	-85.091	-8.97	5	165
20130121	-86.96	-5.395	4	42
23/01/2013	-83.897	-15.27	4	118
20130126	-73.76	-6.868	3	200
20130128	-77.755	-15.71	1	46
20130201	-70.433	-2.799	2	43
02/02/2013	-74.817	-4.659	4	200
03/02/2013	-85.94	-17.499	3	50
20130204	-70.11	-7.271	2	73
04/02/2013	-76.308	-11.647	5	15
08/02/2013	-89.897	-14.783	4	190
12/02/2013	-81.231	-3.64	3	149
12/02/2013	-83.122	-14.248	4	113
20130214	-77.472	-16.175	5	169
15/02/2013	-86.334	-12.415	2	93
18/02/2013	-70.02	-16.442	2	60
19/02/2013	-80.88	-10.519	2	94
19/02/2013	-87.92	-3.466	2	121
22/02/2013	-76.012	-2.458	2	130
27/02/2013	-81.311	-15.216	2	76
20130228	-71.731	-8.134	1	72
28/02/2013	-80.927	-6.11	3	83
28/02/2013	-74.949	-9.031	4	133
28/02/2013	-79.83	-6.465	4	49
20130307	-70.004	-2.669	1	169
20130309	-72.875	-3.86	4	42
11/03/2013	-77.238	-5.638	2	95
20130312	-73.238	-12.776	1	130
20130314	-88.582	-14.232	3	136
25/03/2013	-73.632	-5.649	1	15
26/03/2013	-89.263	-10.866	5	110
27/03/2013	-88.856	-9.294	1	194
20130402	-74.405	-8.503	1	121
03/04/2013	-87.105	-14.246	3	101
20130406	-83.936	-14.851	4	141
20130412	-87.382	-12.389	5	109
15/04/2013	-79.752	-5.023	2	58
20130418	-88.458	-14.195	2	140
21/04/2013	-88.602	-6.035	2	151
23/04/2013	-79.889	-10.463	3	94
26/04/2013	-77.603	-17.537	1	174
05/05/2013	-82.223	-5.816	1	192
08/05/2013	-75.645	-9.314	1	158
10/05/2013	-82.461	-4.371	3	25
20130511	-88.11	-16.906	1	198
11/05/2013	-87.823	-7.544	5	9
20130512	-84.501	-15.893	3	109
20130515	-76.635	-5.555	2	174
20130515	-89.075	-8.637	5	52
16/05/2013	-78.663	-3.155	2	142
17/05/2013	-77.288	-9.259	2	141
19/05/2013	-82.297	-17.821	3	168
20130520	-80.459	-5.972	3	88
20/05/2013	-73.876	-17.491	3	150
20/05/2013	-86.079	-11.037	4	14
20/05/2013	-71.2	-2.3	4	196
25/05/2013	-83.31	-2.204	2	2
26/05/2013	-78.196	-14.44	1	194
26/05/2013	-88.82	-5.118	4	181
20130527	-75.256	-4.576	4	149
20130610	-83.089	-3.938	3	33
16/06/2013	-85.415	-12.107	1	91
16/06/2013	-87.068	-5.148	5	56
20130617	-79.36	-8.238	5	37
17/06/2013	-89.593	-14.953	5	115
22/06/2013	-84.249	-17.196	3	116
23/06/2013	-80.411	-8.142	4	49
25/06/2013	-80.728	-14.3	1	93
25/06/2013	-77.046	-5.751	5	200
25/06/2013	-83.088	-6.845	5	71
26/06/2013	-88.978	-9.121	4	67
27/06/2013	-77.045	-13.555	4	128
27/06/2013	-73.363	-7.499	5	170
02/07/2013	-80.627	-14.67	4	69
20130705	-85.268	-11.828	2	36
20130705	-76.454	-9.541	5	54
20130707	-73.915	-14.718	1	47
20130710	-78.82	-5.115	2	157
12/07/2013	-82.454	-16.649	2	186
20130713	-83.902	-2.398	4	93
16/07/2013	-89.294	-9.081	3	128
19/07/2013	-82.106	-14.379	2	121
21/07/2013	-78.044	-3.426	5	13
20130722	-86.562	-12.922	5	45
20130725	-85.099	-10.559	1	152
25/07/2013	-74.05	-13.253	4	43
26/07/2013	-77.014	-6.975	3	85
05/08/2013	-83.758	-8.415	4	129
20130806	-78.138	-5.739	2	166
11/08/2013	-72.562	-9.688	3	49
11/08/2013	-87.848	-15.144	4	98
13/08/2013	-70.643	-8.955	1	164
20130819	-84.132	-3.734	3	59
21/08/2013	-82.253	-17.213	5	57
22/08/2013	-75.045	-5.537	2	118
22/08/2013	-81.479	-7.51	5	36
20130824	-86.415	-13.571	4	79
20130824	-80.105	-16.255	5	156
03/09/2013	-83.327	-7.266	3	127
08/09/2013	-81.906	-8.191	1	134
11/09/2013	-77.17	-7.338	1	188
13/09/2013	-75.551	-2.567	4	1
18/09/2013	-85.138	-11.241	5	51
20/09/2013	-70.716	-17.138	2	87
20130920	-74.381	-9.874	2	190
20/09/2013	-89.786	-4.098	3	197
21/09/2013	-88.443	-13.762	3	81
21/09/2013	-71.409	-4.867	5	165
20130923	-74.591	-3.934	4	124
24/09/2013	-83.526	-3.518	2	111
27/09/2013	-75.155	-2.784	3	76
02/10/2013	-76.386	-10.731	2	163
02/10/2013	-75.857	-4.978	3	171
20131003	-70.854	-17.932	1	40
03/10/2013	-82.801	-10.485	4	108
09/10/2013	-72.611	-17.65	5	85
10/10/2013	-72.192	-5.069	3	147
10/10/2013	-77.372	-8.001	4	58
11/10/2013	-88.763	-4.113	4	66
14/10/2013	-87.695	-10.928	5	161
17/10/2013	-75.194	-4.012	4	123
20131018	-85.383	-11.83	1	118
20/10/2013	-78.973	-10.38	2	137
24/10/2013	-86.55	-7.375	1	96
07/11/2013	-70.373	-17.007	1	191
07/11/2013	-82.927	-17.566	5	151
08/11/2013	-74.896	-12.073	2	55
11/11/2013	-84.39	-12.571	3	132
16/11/2013	-75.286	-9.799	3	158
19/11/2013	-78.072	-11.17	5	26
24/11/2013	-87.807	-10.367	5	85
25/11/2013	-86.778	-15.256	2	118
28/11/2013	-83.62	-12.264	3	23
20131202	-84.378	-3.132	3	189
04/12/2013	-87.753	-8.829	1	59
05/12/2013	-74.095	-14.311	1	160
13/12/2013	-84.592	-15.561	5	69
19/12/2013	-75.246	-9.37	2	57
21/12/2013	-80.983	-10.149	2	200
21/12/2013	-73.749	-8.772	4	47
27/12/2013	-85.207	-6.74	1	109
04/01/2014	-83.49	-5.177	4	2
05/01/2014	-89.133	-16.775	2	66
20140105	-83.901	-3.974	3	158
20140106	-81.873	-4.675	5	137
10/01/2014	-72.227	-7.27	2	7
10/01/2014	-83.143	-10.725	3	27
10/01/2014	-74.348	-3.691	4	138
20140112	-74.995	-9.696	4	68
13/01/2014	-78.426	-4.046	4	163
20140114	-84.049	-15.375	5	138
18/01/2014	-82.004	-12.732	2	80
24/01/2014	-80.594	-2.288	4	89
25/01/2014	-73.543	-17.264	4	128
26/01/2014	-79.417	-14.516	2	30
03/02/2014	-80.591	-15.57	2	113
04/02/2014	-71.932	-12.371	1	125
20140204	-82.395	-8.62	5	170
05/02/2014	-89.977	-9.065	2	86
09/02/2014	-85.435	-14.438	5	117
11/02/2014	-83.817	-11.457	1	147
11/02/2014	-73.612	-9.635	4	171
12/02/2014	-88.331	-5.526	3	54
16/02/2014	-88.858	-6.4	2	1
20/02/2014	-85.627	-6.081	4	99
24/02/2014	-80.72	-16.14	1	133
20140226	-77.638	-17.468	1	51
20140227	-84.888	-14.319	4	46
28/02/2014	-70.008	-14.165	3	45
28/02/2014	-74.418	-9.065	3	149
28/02/2014	-73.934	-9.486	5	2
04/03/2014	-79.759	-3.283	5	145
08/03/2014	-78.842	-5.766	3	142
15/03/2014	-81.636	-13.839	3	13
20140316	-79.176	-8.443	2	53
21/03/2014	-77.203	-4.292	4	102
23/03/2014	-83.489	-5.369	4	101
24/03/2014	-89.584	-9.057	4	191
27/03/2014	-89.059	-14.38	2	149
28/03/2014	-78.236	-12.51	5	107
04/04/2014	-72.926	-13.342	1	200
08/04/2014	-71.867	-12.238	4	47
09/04/2014	-76.909	-11.842	2	199
09/04/2014	-84.169	-15.835	4	191
14/04/2014	-88.036	-5.307	5	119
17/04/2014	-71.441	-11.642	1	43
18/04/2014	-80.089	-2.906	3	156
25/04/2014	-73.939	-6.339	4	89
20140426	-73.708	-14.002	1	129
27/04/2014	-88.581	-2.316	3	2
20140507	-71.937	-3.948	4	155
13/05/2014	-73.115	-3.167	5	67
20140519	-75.693	-17.483	2	15
20/05/2014	-86.272	-7.84	3	195
20140524	-75.538	-4.637	1	104
25/05/2014	-75.261	-4.552	2	33
25/05/2014	-80.638	-15.639	3	25
20140527	-82.355	-10.856	1	184
27/05/2014	-83.94	-7.32	3	39
28/05/2014	-75.312	-14.462	4	155
04/06/2014	-74.823	-17.345	1	169
07/06/2014	-86.251	-4.639	4	106
08/06/2014	-72.995	-8.941	5	113
09/06/2014	-70.428	-10.079	3	16
10/06/2014	-85.59	-12.629	3	65
26/06/2014	-84.413	-9.57	1	183
02/07/2014	-79.974	-3.14	5	135
04/07/2014	-87.407	-4.216	5	30
20140706	-87.993	-6.315	1	141
07/07/2014	-72.829	-13.69	5	79
08/07/2014	-89.036	-9.043	4	85
20140713	-87.645	-11.602	3	145
20140716	-88.37	-12.104	2	128
23/07/2014	-81.411	-2.745	1	147
20140804	-77.763	-7.634	2	9
05/08/2014	-88.208	-16.866	5	140
20140807	-86.644	-5.276	3	50
20140807	-70.89	-11.768	3	19
20140814	-78.408	-8.383	2	182
20140816	-82.55	-14.01	2	16
20140821	-77.786	-5.607	3	74
20140828	-88.813	-5.041	1	186
20140906	-71.69	-8.024	2	59
11/09/2014	-89.959	-7.943	4	119
12/09/2014	-80.76	-17.128	2	169
13/09/2014	-81.961	-11.87	1	196
20140915	-80.923	-5.27	4	54
17/09/2014	-77.402	-16.714	1	84
20140923	-80.527	-7.479	5	153
05/10/2014	-84.612	-16.464	2	69
07/10/2014	-88.669	-10.437	1	50
10/10/2014	-84.3	-3.969	5	69
20141013	-82.738	-12.978	5	50
20/10/2014	-80.247	-13.458	2	98
23/10/2014	-87.857	-10.754	1	57
24/10/2014	-83.766	-8.248	1	71
26/10/2014	-73.411	-5.122	3	10
01/11/2014	-86.738	-16.154	2	126
01/11/2014	-89.133	-13.85	5	169
20141102	-72.036	-17.024	5	91
03/11/2014	-87.908	-13.467	5	38
10/11/2014	-77.733	-12.796	4	84
10/11/2014	-84.894	-4.52	4	186
11/11/2014	-83.273	-15.106	5	136
21/11/2014	-87.707	-8.602	5	188
20141122	-72.483	-7.963	3	196
20141123	-83.753	-9.737	2	125
25/11/2014	-76.826	-5.555	1	183
27/11/2014	-72.923	-4.253	3	156
04/12/2014	-87.706	-5.932	1	99
05/12/2014	-80.456	-10.56	3	2
20141205	-78.906	-3.893	4	117
07/12/2014	-85.861	-15.879	4	143
09/12/2014	-81.232	-8.887	1	124
09/12/2014	-79.184	-13.116	3	93
20141213	-86.999	-11.64	5	87
14/12/2014	-74.421	-13.8	1	50
14/12/2014	-78.475	-16.624	5	53
17/12/2014	-85.089	-12.501	4	164
19/12/2014	-83.214	-4.585	1	148
19/12/2014	-82.302	-17.646	2	123
20141221	-70.278	-15.129	1	118
20141222	-78.072	-9.533	4	6
24/12/2014	-83.291	-5.37	5	90
25/12/2014	-82.649	-10.392	4	174
26/12/2014	-74.268	-17.288	4	161
01/01/2015	-73.925	-11.404	3	132
20150104	-82.649	-10.738	4	38
05/01/2015	-86.944	-11.376	4	65
06/01/2015	-73.919	-14.745	4	134
07/01/2015	-75.42	-7.574	1	122
09/01/2015	-71.293	-5.973	3	147
13/01/2015	-79.145	-5.995	1	55
15/01/2015	-86.299	-8.964	2	181
17/01/2015	-80.296	-6.783	1	113
17/01/2015	-81.701	-6.881	2	7
18/01/2015	-76.673	-14.353	1	39
21/01/2015	-76.348	-14.163	1	27
21/01/2015	-79.506	-15.663	3	5
22/01/2015	-80.735	-13.815	1	77
23/01/2015	-85.557	-11.369	1	146
20150123	-73.566	-10.667	2	196
25/01/2015	-78.034	-14.203	3	93
20150207	-76.31	-5.42	3	83
11/02/2015	-87.11	-8.285	2	152
11/02/2015	-86.927	-6.159	3	104
20150211	-74.141	-4.694	4	120
20150226	-86.395	-8.745	1	125
26/02/2015	-88.304	-6.794	1	155
20150303	-82.746	-13.591	1	141
20150305	-85.47	-17.366	1	187
06/03/2015	-82.028	-5.87	3	63
20150307	-88.662	-11.539	1	129
08/03/2015	-87.693	-13.873	5	104
10/03/2015	-75.49	-14.764	4	89
20150311	-79.332	-15.932	1	51
13/03/2015	-82.547	-6.298	1	56
20150316	-71.026	-7.481	5	103
18/03/2015	-79.332	-11.84	3	112
19/03/2015	-79.998	-7.978	2	189
21/03/2015	-87.245	-5.445	4	86
25/03/2015	-88.009	-17.793	4	100
28/03/2015	-70.252	-12.262	5	197
02/04/2015	-74.52	-7.215	1	161
05/04/2015	-84.527	-8.307	3	200
06/04/2015	-79.966	-9.859	1	98
20150412	-84.491	-9.974	1	114
20150412	-88.54	-12.809	2	44
12/04/2015	-85.059	-10.199	2	27
20150414	-83.019	-13.638	4	71
14/04/2015	-88.561	-13.25	4	109
18/04/2015	-78.087	-8.068	4	131
19/04/2015	-81.428	-5.3	1	159
20150421	-72.24	-16.365	4	143
20150422	-83.286	-12.784	1	171
20150422	-81.438	-13.389	3	142
20150423	-82.397	-10.485	2	146
23/04/2015	-83.366	-5.117	5	158
24/04/2015	-83.935	-8.449	2	44
26/04/2015	-88.18	-15.536	1	62
20150426	-76.501	-15.979	1	187
20150428	-74.78	-5.635	5	145
02/05/2015	-82.689	-13.681	1	104
20150502	-74.361	-7.079	3	189
04/05/2015	-84.061	-8.395	2	153
20150511	-80.535	-16.782	2	29
20150517	-85.478	-4.047	4	89
18/05/2015	-88.765	-3.609	1	68
19/05/2015	-84.593	-8.019	3	189
20150520	-81.048	-11.187	1	192
20150522	-72.042	-2.865	2	53
20150522	-75.439	-14.634	5	141
24/05/2015	-83.665	-3.173	4	89
25/05/2015	-79.827	-4.585	2	101
28/05/2015	-81.571	-7.909	2	176
04/06/2015	-82.39	-12.1	2	92
07/06/2015	-70.455	-13.14	5	4
09/06/2015	-83.965	-13.154	4	8
10/06/2015	-85.537	-3.198	4	130
12/06/2015	-71.304	-3.723	5	171
15/06/2015	-74.106	-13.329	4	36
18/06/2015	-87.545	-11.949	5	170
20150621	-79.804	-13.878	4	46
20150623	-71.805	-2.263	1	45
23/06/2015	-77.28	-9.742	4	130
20150626	-84.591	-10.543	5	80
10/07/2015	-87.465	-10.015	2	159
13/07/2015	-84.749	-10.699	1	83
21/07/2015	-87.517	-9.532	5	198
20150724	-87.82	-3.247	2	36
27/07/2015	-81.98	-2.59	1	73
27/07/2015	-89.809	-5.345	1	97
28/07/2015	-73.857	-15.763	3	148
05/08/2015	-76.641	-17.107	3	104
20/08/2015	-77.073	-16.801	2	150
20150823	-71.092	-9.644	2	45
23/08/2015	-89.02	-9.115	5	50
26/08/2015	-79.754	-3.906	5	109
20150827	-81.701	-16.382	1	39
28/08/2015	-86.753	-14.749	5	27
20150902	-83.437	-16.422	1	125
05/09/2015	-83.321	-14.971	3	138
06/09/2015	-80.015	-2.316	1	163
20150906	-76.562	-2.893	4	17
06/09/2015	-88.216	-11.406	4	13
20150914	-78.137	-7.387	4	156
26/09/2015	-74.726	-4.283	2	50
02/10/2015	-76.39	-8.302	4	20
20151003	-84.906	-5.211	2	23
05/10/2015	-75.718	-5.98	3	169
06/10/2015	-73.494	-4.127	2	124
20151007	-85.46	-14.472	4	129
11/10/2015	-75.99	-15.903	3	25
20151013	-78.282	-4.385	1	84
14/10/2015	-74.235	-12.595	4	169
20151014	-83.449	-17.177	5	115
20151021	-72.552	-5.358	3	124
22/10/2015	-72.789	-15.047	4	188
26/10/2015	-83.39	-7.195	1	158
28/10/2015	-88.806	-7.907	2	156
28/10/2015	-85.048	-14.334	5	54
20151103	-77.006	-6.258	2	121
20151103	-72.082	-15.163	4	110
06/11/2015	-79.082	-2.388	4	75
08/11/2015	-75.797	-13.326	4	55
20151111	-87.053	-4.471	1	9
14/11/2015	-80.113	-15.213	1	99
20151116	-81.766	-4.599	5	38
20151117	-88.799	-9.305	4	47
21/11/2015	-71.162	-15.539	2	55
27/11/2015	-73.799	-11.561	3	40
20151201	-78.199	-12.322	4	8
03/12/2015	-79.257	-9.852	5	60
06/12/2015	-82.475	-16.057	3	113
08/12/2015	-84.828	-8.625	5	110
20151211	-82.905	-15.628	4	111
20/12/2015	-81.326	-10.717	4	41
22/12/2015	-71.411	-17.312	1	172
24/12/2015	-88.096	-15.256	4	67
24/12/2015	-71.6	-3.014	5	135
26/12/2015	-76.628	-5.892	1	3
26/12/2015	-79.779	-12.785	2	61
02/01/2016	-81.66	-7.135	1	183
03/01/2016	-82.234	-2.119	5	109
07/01/2016	-86.779	-16.845	5	96
10/01/2016	-87.409	-10.551	5	40
13/01/2016	-78.116	-8.609	5	110
17/01/2016	-82.212	-15.835	2	63
20160121	-82.756	-4.989	2	73
22/01/2016	-78.521	-16.963	1	149
20160204	-86.228	-6.317	5	66
05/02/2016	-80.334	-11.241	1	61
06/02/2016	-73.169	-16.343	2	128
20160208	-71.943	-9.15	3	4
08/02/2016	-77.465	-3.038	5	39
08/02/2016	-74.572	-16.786	5	28
20160209	-70.545	-13.678	3	8
09/02/2016	-78.182	-10.966	3	80
09/02/2016	-86.536	-5.567	3	200
11/02/2016	-81.449	-3.861	1	19
13/02/2016	-82.876	-6.183	5	77
15/02/2016	-83.758	-3.391	2	120
19/02/2016	-82.722	-17.187	2	91
28/02/2016	-85.556	-11.365	1	1
06/03/2016	-80.641	-15.971	5	162
08/03/2016	-77.823	-3.161	4	128
09/03/2016	-84.932	-16.041	2	10
12/03/2016	-70.611	-11.676	2	188
20160312	-84.588	-4.248	3	139
20160312	-87.199	-7.193	5	59
20160314	-75.393	-6.867	1	98
20160314	-88.492	-2.407	5	71
20160319	-86.307	-15.638	5	181
20160325	-82.449	-4.871	2	123
05/04/2016	-75.244	-7.134	4	107
08/04/2016	-79.884	-9.96	4	196
10/04/2016	-88.235	-11.351	3	102
10/04/2016	-79.021	-3.674	4	32
14/04/2016	-79.71	-13.686	3	97
16/04/2016	-81.308	-3.874	2	199
20160417	-89.458	-8.287	1	143
18/04/2016	-80.49	-10.941	1	27
20160418	-76.981	-10.211	3	173
20/04/2016	-70.243	-15.103	4	90
20/04/2016	-75.47	-17.219	5	97
20160421	-76.119	-8.354	2	6
23/04/2016	-86.46	-4.275	2	75
20160423	-76.82	-7.21	5	94
27/04/2016	-87.883	-15.095	1	155
27/04/2016	-81.307	-6.056	2	67
28/04/2016	-75.579	-7.237	1	132
01/05/2016	-78.945	-14.302	2	91
05/05/2016	-88.068	-9.214	4	36
08/05/2016	-78.309	-9.302	4	115
20160508	-82.11	-4.482	5	134
09/05/2016	-76.444	-6.806	1	65
09/05/2016	-79.787	-6.658	2	165
20160509	-84.427	-3.466	2	41
20160520	-78.788	-14.654	4	62
20/05/2016	-74.683	-12.845	4	1
26/05/2016	-71.824	-5.716	4	188
02/06/2016	-74.643	-9.082	4	57
20160603	-86.425	-3.474	5	159
20160606	-75.256	-4.657	3	67
11/06/2016	-72.062	-4.722	3	103
20160616	-78.285	-17.397	5	197
17/06/2016	-89.119	-11.951	1	90
20160620	-74.731	-4.232	1	72
20160623	-72.14	-14.173	4	115
20160625	-72.738	-5.393	4	139
20160627	-75.506	-17.209	1	75
20160627	-75.695	-10.092	2	89
20160627	-86.737	-2.174	3	9
20160627	-83.554	-7.254	5	43
03/07/2016	-75.472	-16.401	2	133
20160704	-80.383	-2.344	2	140
07/07/2016	-75.903	-9.857	1	195
20160707	-78.173	-9.824	5	187
08/07/2016	-70.319	-13.94	3	116
09/07/2016	-80.946	-2.757	4	77
09/07/2016	-81.786	-5.577	5	74
11/07/2016	-70.074	-4.329	5	17
16/07/2016	-74.294	-3.496	4	55
20160719	-87.416	-9.534	2	133
22/07/2016	-75.033	-13.047	3	57
20160726	-76.334	-16.213	5	199
28/07/2016	-76.094	-13.935	1	105
01/08/2016	-71.99	-13.7	1	127
01/08/2016	-85.234	-7.612	2	86
03/08/2016	-88.745	-14.831	1	137
20160804	-81.457	-12.14	1	112
04/08/2016	-78.89	-11.745	4	147
05/08/2016	-74.831	-13.443	4	146
06/08/2016	-86.289	-13.747	2	61
20160806	-87.631	-4.071	3	198
09/08/2016	-82.746	-16.896	2	21
12/08/2016	-74.067	-14.595	2	164
14/08/2016	-71.899	-11.289	1	46
15/08/2016	-79.43	-11.473	1	89
20160817	-71.526	-7.187	4	136
18/08/2016	-86.003	-9.506	2	120
20160819	-81.358	-7.206	2	180
20/08/2016	-71.727	-10.213	4	187
20160823	-73.396	-17.519	1	125
24/08/2016	-77.576	-4.588	2	6
20160902	-73.07	-9.469	4	99
02/09/2016	-72.525	-15.194	5	141
04/09/2016	-75.081	-3.776	4	0
05/09/2016	-77.105	-9.582	1	22
07/09/2016	-76.219	-13.577	5	62
09/09/2016	-77.431	-2.48	3	76
11/09/2016	-70.106	-17.222	1	5
20160915	-71.377	-17.779	1	190
17/09/2016	-70.75	-8.013	1	165
18/09/2016	-73.232	-2.712	4	27
19/09/2016	-73.752	-5.136	2	180
19/09/2016	-86.33	-13.412	4	33
20161002	-83.514	-6.867	2	14
20161004	-76.02	-6.61	4	23
15/10/2016	-81.317	-14.491	4	13
21/10/2016	-88.026	-3.744	1	94
22/10/2016	-88.661	-17.375	4	19
24/10/2016	-88.508	-16.285	3	12
20161025	-79.958	-10.574	3	61
20161025	-76.39	-12.847	4	31
25/10/2016	-84.359	-13.503	5	190
07/11/2016	-88.42	-3.321	2	141
13/11/2016	-72.518	-10.388	1	12
20161114	-84.24	-14.743	3	192
17/11/2016	-74.58	-13.061	2	131
20/11/2016	-71.563	-12.703	5	1
21/11/2016	-80.119	-4.558	3	192
22/11/2016	-84.661	-12.02	3	75
27/11/2016	-80.848	-4.666	3	138
20161201	-72.745	-2.759	5	178
20161202	-89.677	-6.257	1	184
02/12/2016	-77.708	-16.122	3	122
07/12/2016	-88.059	-2.704	2	67
12/12/2016	-73.704	-13.358	2	94
15/12/2016	-80.209	-4.193	4	143
20161217	-77.86	-2.129	2	9
19/12/2016	-86.648	-8.247	1	86
20/12/2016	-72.756	-3.142	2	19
21/12/2016	-70.062	-10.235	1	146
20161221	-87.497	-5.94	5	67
20161223	-82.783	-10.424	5	136
23/12/2016	-78.024	-5.783	5	97
25/12/2016	-75.372	-16.663	1	63
20161225	-71.421	-4.392	4	134
20161228	-76.037	-7.973	2	97
20170101	-79.375	-12.546	1	72
01/01/2017	-83.539	-6.292	2	148
20170102	-89.869	-7.618	1	198
20170102	-76.942	-8.353	1	133
03/01/2017	-83.219	-14.494	2	111
03/01/2017	-89.199	-7.471	3	187
12/01/2017	-87.521	-16.816	1	198
13/01/2017	-84.009	-10.361	1	40
13/01/2017	-78.362	-6.069	1	39
14/01/2017	-75.616	-8.144	4	178
16/01/2017	-73.505	-9.679	4	157
20/01/2017	-73.147	-15.494	2	27
24/01/2017	-77.264	-14.091	2	141
25/01/2017	-70.213	-8.406	3	68
28/01/2017	-85.373	-16.81	4	16
20170202	-87.723	-17.763	2	52
04/02/2017	-81.405	-10.63	2	112
06/02/2017	-86.731	-11.359	2	16
20170206	-79.307	-14.291	4	41
08/02/2017	-84.829	-14.838	2	98
11/02/2017	-89.736	-5.571	3	166
20170213	-88.325	-9.669	3	126
14/02/2017	-73.304	-3.359	3	61
14/02/2017	-79.681	-5.686	4	71
16/02/2017	-85.22	-14.417	3	49
20170216	-79.203	-14.952	5	133
20/02/2017	-78.78	-13.74	1	193
24/02/2017	-73.596	-10.547	2	176
20170225	-83.483	-10.259	3	4
26/02/2017	-89.256	-3.332	2	87
07/03/2017	-81.182	-4.799	5	197
09/03/2017	-71.703	-5.41	4	194
13/03/2017	-88.061	-7.091	5	109
14/03/2017	-78.763	-8.778	2	95
15/03/2017	-73.682	-2.915	5	89
16/03/2017	-77.442	-2.705	5	140
20170317	-73.969	-4.466	3	193
18/03/2017	-85.308	-7.023	1	98
18/03/2017	-70.336	-15.832	1	125
18/03/2017	-80.054	-14.689	2	17
18/03/2017	-87.888	-15.539	5	42
19/03/2017	-87.515	-15.968	2	104
20170405	-78.721	-16.993	1	128
07/04/2017	-77.468	-10.572	4	29
08/04/2017	-76.182	-13.026	1	44
10/04/2017	-89.474	-15.257	3	69
12/04/2017	-84.985	-16.494	5	133
20170413	-77.459	-13.068	4	77
20170416	-77.604	-10.266	3	134
16/04/2017	-76.831	-14.347	5	155
20170419	-72.295	-16.189	2	192
20/04/2017	-70.917	-8.159	4	123
26/04/2017	-79.211	-10.196	2	42
26/04/2017	-70.76	-6.281	3	28
04/05/2017	-89.475	-4.981	5	174
20170509	-79.937	-13.243	1	145
11/05/2017	-84.557	-13.974	3	103
20170511	-74.373	-16.09	4	178
14/05/2017	-70.087	-13.329	5	107
16/05/2017	-71.09	-16.994	1	21
18/05/2017	-76.318	-14.871	3	101
20170521	-85.605	-9.307	3	32
20170525	-76.096	-17.148	2	190
20170526	-74.017	-7.401	4	168
28/05/2017	-88.7	-10.343	4	149
20170602	-75.059	-9.106	1	170
05/06/2017	-70.174	-11.339	5	134
20170606	-84.077	-12.271	1	6
11/06/2017	-79.83	-7.507	3	73
17/06/2017	-76.748	-4.94	1	177
17/06/2017	-76.033	-14.101	2	26
18/06/2017	-84.118	-11.193	4	96
20170620	-74.469	-3.959	2	190
22/06/2017	-83.795	-15.311	5	11
23/06/2017	-81.105	-16.32	5	27
20170627	-80.639	-2.89	1	9
27/06/2017	-78.626	-16.389	4	105
28/06/2017	-89.464	-17.723	3	154
02/07/2017	-73.961	-6.045	2	148
20170704	-78.051	-16.433	5	119
06/07/2017	-83.586	-12.804	1	161
06/07/2017	-80.631	-8.681	4	58
08/07/2017	-85.616	-4.294	1	89
08/07/2017	-79.336	-9.397	3	186
08/07/2017	-75.249	-9.977	5	54
20170709	-80.747	-4.737	5	7
09/07/2017	-89.822	-6.936	5	3
10/07/2017	-85.192	-4.115	3	162
13/07/2017	-87.603	-8.351	4	26
14/07/2017	-83.678	-12.507	4	154
15/07/2017	-79.444	-16.445	5	119
16/07/2017	-73.328	-15.713	3	169
20170717	-75.216	-8.08	2	150
20170718	-85.028	-4.617	2	42
20/07/2017	-71.333	-17.237	5	17
22/07/2017	-83.653	-3.686	5	38
23/07/2017	-83.38	-9.257	1	21
20170724	-73.33	-16.287	4	45
25/07/2017	-76.017	-3.166	2	93
20170728	-71.611	-9.218	5	123
05/08/2017	-73.668	-14.466	1	38
20170809	-70.138	-16.086	1	174
10/08/2017	-80.828	-10.43	2	93
12/08/2017	-71.996	-7.472	2	13
20170814	-81.735	-7.308	1	172
20170817	-78.138	-7.12	4	169
20170825	-86.932	-14.333	5	168
27/08/2017	-86.711	-8.835	2	111
28/08/2017	-72.712	-3.613	2	37
01/09/2017	-77.086	-9.561	1	43
01/09/2017	-78.509	-9.582	3	140
02/09/2017	-77.832	-2.093	1	163
20170907	-72.712	-9.21	2	127
10/09/2017	-70.928	-10.613	2	9
20170911	-78.223	-16.187	4	142
13/09/2017	-87.103	-3.462	2	168
15/09/2017	-81.745	-10.248	1	121
20170915	-88.826	-6.874	4	79
20170916	-71.281	-13.15	5	100
21/09/2017	-71.997	-5.243	3	149
22/09/2017	-76.259	-17.243	4	198
25/09/2017	-77.506	-5.617	1	187
26/09/2017	-89.761	-17.549	2	132
20170927	-82.072	-15.131	3	128
20171008	-88.678	-10.536	1	60
09/10/2017	-73.379	-13.125	3	121
12/10/2017	-80.395	-6.288	3	151
20171012	-76.301	-14.507	4	186
15/10/2017	-71.73	-12.625	1	101
15/10/2017	-80.559	-3.296	2	127
15/10/2017	-73.554	-7.733	3	167
15/10/2017	-76.982	-5.959	4	168
20171017	-73.241	-17.691	1	108
24/10/2017	-81.486	-2.359	3	148
04/11/2017	-88.338	-15.412	2	187
04/11/2017	-80.363	-13.586	4	8
08/11/2017	-89.393	-6.989	3	104
20171111	-75.449	-5.24	2	96
11/11/2017	-83.551	-2.004	5	191
13/11/2017	-77.892	-5.798	3	191
16/11/2017	-87.84	-11.808	4	9
17/11/2017	-78.6	-7.04	2	16
20171122	-86.416	-5.993	3	108
20171128	-72.209	-16.077	5	148
05/12/2017	-77.357	-17.796	3	102
20171211	-78.518	-14.817	1	136
24/12/2017	-88.66	-4.097	3	159
20171224	-79.192	-8.109	3	12
27/12/2017	-80.182	-15.882	1	67
27/12/2017	-77.586	-11.098	4	114
27/12/2017	-70.433	-9.412	5	134
03/01/2018	-84.679	-9.426	2	120
03/01/2018	-88.03	-14.908	3	53
08/01/2018	-85.061	-14.853	2	18
20180117	-77.553	-6.069	2	33
19/01/2018	-75.779	-9.637	2	49
20180120	-83.488	-8.948	1	129
21/01/2018	-83.039	-8.132	1	7
20180126	-76.275	-6.103	2	100
27/01/2018	-88.756	-5.627	3	4
20180204	-82.333	-16.794	4	48
05/02/2018	-83.506	-17.117	2	30
07/02/2018	-87.961	-14.629	4	119
09/02/2018	-81.323	-16.684	4	100
12/02/2018	-76.559	-12.113	3	34
20180212	-87.372	-7.128	5	3
13/02/2018	-70.537	-6.7	5	75
14/02/2018	-81.752	-8.501	5	5
20180215	-85.23	-2.556	1	40
15/02/2018	-83.285	-9.74	4	18
20180219	-88.928	-4.15	3	193
22/02/2018	-82.495	-5.285	4	124
20180301	-72.133	-10.62	5	63
02/03/2018	-80.642	-4.249	2	165
03/03/2018	-70.156	-5.355	1	160
20180309	-77.712	-8.829	2	113
20180312	-77.662	-5.358	4	147
12/03/2018	-81.663	-9.106	5	180
20180321	-77.6	-17.055	4	109
20180323	-79.772	-16.542	1	39
20180326	-88.494	-8.97	1	95
26/03/2018	-76.327	-6.56	1	33
27/03/2018	-79.455	-5.284	5	140
02/04/2018	-74.078	-16.256	3	38
10/04/2018	-78.928	-10.128	2	198
11/04/2018	-83.798	-8.326	2	62
11/04/2018	-78.195	-10.524	2	183
18/04/2018	-86.821	-16.301	1	146
20180419	-76.283	-16.759	5	136
24/04/2018	-80.812	-7.331	1	33
20180425	-83.003	-7.133	5	95
26/04/2018	-79.253	-11.179	5	114
28/04/2018	-86.365	-12.635	2	30
05/05/2018	-85.553	-9.711	5	143
05/05/2018	-83.507	-15.476	5	172
20180509	-73.702	-16.614	2	111
11/05/2018	-78.598	-6.672	3	97
14/05/2018	-80.198	-2.961	3	15
20180519	-88.436	-13.399	2	62
25/05/2018	-75.55	-15.745	5	169
20180528	-70.567	-6.527	3	4
07/06/2018	-77.495	-6.555	1	180
11/06/2018	-85.876	-6.288	1	128
12/06/2018	-80.069	-16.63	5	29
18/06/2018	-76.514	-3.19	4	30
19/06/2018	-88.515	-5.98	4	12
20180620	-74.452	-14.154	1	67
20180620	-82.245	-16.991	3	136
20180701	-76.551	-6.898	4	59
20180703	-71.882	-2.063	2	169
06/07/2018	-80.487	-3.675	2	83
20180710	-81.524	-13.154	4	39
20180710	-82.637	-9.242	4	163
10/07/2018	-71.54	-17.489	4	176
11/07/2018	-83.709	-6.443	3	88
20180711	-74.827	-2.497	3	160
20180713	-80.876	-11.423	4	5
20180713	-81.245	-8.565	5	138
20180716	-85.034	-7.209	4	61
18/07/2018	-71.47	-16.452	4	47
19/07/2018	-85.976	-11.961	1	184
20/07/2018	-83.194	-7.342	3	5
20180721	-71.644	-3.044	1	34
20180724	-81.176	-8.127	2	128
25/07/2018	-87.349	-9.416	1	100
26/07/2018	-85.713	-12.403	3	86
26/07/2018	-71.731	-10.157	4	39
02/08/2018	-87.148	-12.958	5	161
03/08/2018	-73.71	-2.826	5	71
05/08/2018	-87.931	-15.183	1	99
06/08/2018	-71.647	-15.686	2	9
07/08/2018	-80.055	-2.031	3	32
08/08/2018	-87.377	-7.421	3	25
09/08/2018	-81.653	-12.204	4	40
20180809	-70.639	-4.829	5	163
20180810	-89.458	-10.739	3	172
20180810	-89.249	-17.2	3	53
10/08/2018	-88.239	-8.506	3	72
11/08/2018	-87.528	-14.096	4	6
20180813	-84.92	-11.054	1	69
14/08/2018	-76.66	-2.612	3	12
15/08/2018	-71.302	-12.401	3	119
16/08/2018	-86.57	-11.289	2	177
16/08/2018	-88.693	-7.359	3	110
17/08/2018	-76.569	-9.983	4	99
20180817	-78.431	-14.097	5	129
17/08/2018	-81.571	-14.921	5	14
18/08/2018	-88.528	-8.689	4	89
20180821	-81.512	-17.54	5	195
23/08/2018	-71.575	-8.36	3	55
25/08/2018	-83.161	-11.553	5	55
28/08/2018	-81.075	-5.728	4	195
20180903	-73.216	-12.977	1	42
20180905	-70.601	-17.49	4	8
06/09/2018	-79.885	-7.274	5	129
08/09/2018	-85.262	-4.704	3	10
08/09/2018	-77.674	-2.185	5	107
10/09/2018	-71.873	-9.317	2	190
20180915	-76.462	-5.439	4	44
18/09/2018	-78.511	-17.156	1	107
20180918	-75.19	-13.066	3	40
21/09/2018	-70.35	-13.501	3	161
23/09/2018	-74.285	-6.469	4	102
02/10/2018	-74.022	-16.688	1	146
04/10/2018	-77.408	-4.407	2	200
09/10/2018	-86.218	-8.761	1	192
13/10/2018	-88.789	-5.064	3	135
20181014	-81.785	-2.601	3	41
16/10/2018	-88.683	-7.024	3	40
20181023	-82.663	-15.933	4	5
20181024	-70.286	-14.968	1	114
20181025	-89.881	-10.037	5	110
25/10/2018	-75.635	-5.018	5	107
28/10/2018	-87.537	-10.975	3	77
20181104	-85.038	-12.001	5	152
06/11/2018	-70.587	-5.778	2	199
06/11/2018	-76.336	-4.943	4	148
06/11/2018	-75.318	-10.451	5	37
17/11/2018	-86.701	-17.893	1	37
18/11/2018	-84.528	-5.99	3	169
23/11/2018	-82.843	-16.82	5	154
20181126	-81.258	-8.738	2	60
27/11/2018	-73.332	-12.335	3	70
28/11/2018	-77.271	-3.897	3	66
02/12/2018	-81.257	-13.623	5	20
20181204	-72.295	-11.894	5	52
06/12/2018	-75.087	-12.113	2	186
07/12/2018	-80.546	-8.269	1	103
20181219	-72.738	-11.752	5	0
20181220	-70.16	-3.867	1	44
20/12/2018	-74.934	-7.928	3	116
20181223	-75.157	-16.109	1	114
20181224	-80.637	-6.515	3	64
26/12/2018	-83.112	-16.063	2	138
28/12/2018	-74.262	-13.072	2	127
28/12/2018	-80.839	-2.416	5	75
04/01/2019	-82.154	-11.044	1	81
04/01/2019	-71.883	-13.071	5	196
20190108	-71.764	-11.226	5	129
20190112	-74.568	-13.087	5	35
17/01/2019	-89.986	-6.711	5	197
18/01/2019	-83.582	-6.365	5	199
23/01/2019	-74.782	-12.074	5	58
24/01/2019	-88.156	-10.922	4	155
25/01/2019	-81.775	-2.611	2	44
20190125	-73.832	-15.741	3	104
28/01/2019	-78.703	-16.321	5	176
20190201	-85.965	-8.404	1	18
04/02/2019	-84.103	-4.242	1	37
20190204	-79.168	-17.631	1	169
09/02/2019	-84.624	-16.93	1	21
11/02/2019	-76.267	-6.293	1	169
11/02/2019	-86.747	-10.783	4	195
11/02/2019	-72.961	-3.738	5	153
12/02/2019	-73.351	-6.772	4	2
15/02/2019	-79.714	-4.952	3	23
16/02/2019	-88.63	-10.64	5	23
18/02/2019	-85.557	-7.641	4	152
20190223	-83.443	-11.199	2	141
27/02/2019	-88.983	-8.883	2	112
28/02/2019	-72.806	-14.774	1	161
01/03/2019	-82.201	-8.406	1	128
06/03/2019	-80.379	-4.66	3	152
11/03/2019	-73.269	-5.934	2	195
14/03/2019	-83.344	-17.706	1	184
16/03/2019	-85.014	-14.439	2	55
17/03/2019	-86.444	-4.27	1	196
18/03/2019	-72.672	-6.9	1	111
18/03/2019	-73.102	-8.666	5	155
20190320	-79.435	-2.802	4	116
03/04/2019	-86.704	-8.767	1	120
09/04/2019	-71.303	-7.658	5	101
13/04/2019	-87.925	-5.137	3	187
18/04/2019	-71.504	-4.119	3	196
19/04/2019	-80.589	-16.688	1	161
20190420	-76.915	-13.432	5	59
20190421	-73.105	-13.094	5	170
23/04/2019	-85.938	-8.833	3	45
20190423	-83.706	-2.414	5	78
24/04/2019	-89.84	-13.852	4	24
01/05/2019	-83.204	-6.677	5	172
20190502	-88.151	-6.989	3	120
07/05/2019	-87.524	-7.61	3	185
08/05/2019	-72.831	-15	3	54
08/05/2019	-81.59	-6.26	4	15
20190514	-86.731	-4.264	1	6
20190514	-85.527	-14.314	5	143
14/05/2019	-83.821	-4.734	5	126
17/05/2019	-83.405	-10.534	5	17
20190517	-76.495	-10.686	5	53
20190522	-83.026	-17.35	1	191
20190606	-75.299	-17.987	1	7
10/06/2019	-78.975	-12.75	1	113
20190618	-81.235	-6.766	4	169
20/06/2019	-80.66	-13.047	5	54
25/06/2019	-89.615	-14.988	3	195
20190702	-78.861	-2.011	4	84
20190704	-71.893	-7.341	3	171
20190705	-88.287	-8.404	2	116
07/07/2019	-78.887	-8.903	1	61
09/07/2019	-89.033	-12.734	3	129
12/07/2019	-76.96	-12.465	5	52
14/07/2019	-87.259	-17.369	3	182
20190714	-83.616	-8.188	4	80
17/07/2019	-86.904	-14.207	1	155
18/07/2019	-78.89	-15.94	5	84
20190719	-84.683	-10.142	2	126
20190722	-77.625	-12.06	1	57
23/07/2019	-79.252	-7.38	3	178
20190727	-74.522	-14.957	1	140
28/07/2019	-87.254	-9.011	4	91
20190805	-79.369	-6.607	1	104
20190807	-83.455	-17.136	1	112
08/08/2019	-80.513	-16.953	1	9
08/08/2019	-85.821	-6.743	1	34
08/08/2019	-89.083	-17.751	2	102
10/08/2019	-83.542	-8.667	2	196
10/08/2019	-84.461	-16.776	4	92
11/08/2019	-85.675	-17.482	1	165
12/08/2019	-85.624	-16.515	1	29
17/08/2019	-88.879	-15.519	2	15
20190901	-84.356	-13.865	3	24
03/09/2019	-76.64	-9.676	2	11
20190903	-83.145	-17.615	3	179
20190905	-87.219	-10.924	5	23
20190905	-77.851	-7.003	5	73
11/09/2019	-70.998	-2.587	1	186
20190913	-74.269	-15.604	3	74
19/09/2019	-78.113	-2.681	3	77
20/09/2019	-89.863	-7.72	3	76
20190921	-83.601	-16.053	2	120
22/09/2019	-74.313	-3.761	5	86
28/09/2019	-84.518	-15.12	2	53
28/09/2019	-75.802	-9.899	5	83
28/09/2019	-89.874	-14.271	5	39
20191001	-80.083	-8.411	5	124
20191003	-76.834	-6.917	1	33
20191003	-88.398	-11.567	2	60
05/10/2019	-75.287	-12.426	5	69
20191006	-79.877	-16.648	4	82
11/10/2019	-74.711	-7.17	5	35
20191013	-72.129	-15.708	2	178
19/10/2019	-84.202	-13.557	4	184
20191020	-77.509	-17.209	4	91
27/10/2019	-88.843	-10.211	4	93
01/11/2019	-84.276	-4.895	2	128
20191102	-70.936	-3.187	2	119
05/11/2019	-71.013	-5.081	2	108
06/11/2019	-71.999	-6.69	3	85
07/11/2019	-83.835	-5.17	3	188
20191107	-83.655	-16.592	5	53
08/11/2019	-87.131	-13.897	4	59
08/11/2019	-77.819	-17.847	5	42
10/11/2019	-86.809	-6.971	2	124
15/11/2019	-83.133	-9.233	1	186
24/11/2019	-84.818	-12.331	2	137
26/11/2019	-80.681	-12.85	5	18
02/12/2019	-75.073	-6.315	2	118
20191204	-74.854	-13.548	3	29
08/12/2019	-72.793	-11.78	4	48
20191208	-81.218	-6.727	5	9
20191209	-79.958	-7.504	1	120
15/12/2019	-87.479	-5.329	2	89
15/12/2019	-79.245	-2.626	3	55
16/12/2019	-72.589	-11.148	1	191
20191216	-84.592	-7.833	3	166
20191217	-75.372	-11.895	5	37
18/12/2019	-71.616	-16.482	4	67
20191219	-89.939	-11.316	3	178
20191220	-79.174	-17.937	2	11
25/12/2019	-77.178	-3.741	2	58
02/01/2020	-72.251	-14.374	3	119
06/01/2020	-87.622	-10.444	2	192
07/01/2020	-77.278	-12.1	4	120
08/01/2020	-85.326	-10.672	3	174
10/01/2020	-87.443	-3.208	4	196
20200112	-74.106	-9.221	5	131
15/01/2020	-72.555	-14.122	3	28
18/01/2020	-79.11	-5.931	1	72
21/01/2020	-79.356	-7.958	5	134
21/01/2020	-88.222	-4.479	5	49
23/01/2020	-77.197	-8.018	4	121
20200125	-71.17	-10.826	5	111
20200127	-77.96	-5.748	2	197
05/02/2020	-75.119	-6.923	3	5
06/02/2020	-87.507	-13.359	5	105
07/02/2020	-75.015	-6.938	4	13
10/02/2020	-78.693	-16.385	3	179
20200212	-73.571	-13.001	4	31
20200213	-84.497	-10.141	3	189
13/02/2020	-72.4	-14.621	3	126
17/02/2020	-71.02	-13.28	1	74
18/02/2020	-73.459	-17.004	4	37
19/02/2020	-82.327	-11.429	1	71
20200223	-74.979	-5.968	1	45
25/02/2020	-88.687	-15.732	3	126
26/02/2020	-87.666	-17.199	4	177
02/03/2020	-74.695	-4.064	3	3
04/03/2020	-79	-10.323	5	165
05/03/2020	-75.721	-3.379	4	44
12/03/2020	-80.145	-8.147	4	127
20200315	-73.177	-4.922	2	165
19/03/2020	-78.451	-10.954	2	184
19/03/2020	-86.909	-5.248	2	185
20200320	-78.376	-11.969	1	72
23/03/2020	-89.748	-15.406	4	83
24/03/2020	-81.123	-11.577	1	33
24/03/2020	-81.702	-12.432	4	131
01/04/2020	-77.614	-12.023	2	69
01/04/2020	-70.535	-8.753	3	9
20200405	-80.324	-4.031	3	67
20200411	-70.819	-11.085	1	172
20200411	-79.765	-17.55	2	183
20200413	-83.865	-17.669	2	59
13/04/2020	-71.487	-13.504	3	130
13/04/2020	-84.178	-5.286	5	37
20200417	-85.767	-15.249	4	167
20200420	-78.706	-15.201	2	78
20200420	-83.122	-14.693	3	144
27/04/2020	-80.114	-14.883	4	132
20200428	-87.28	-12.621	4	69
28/04/2020	-78.062	-7.204	5	104
01/05/2020	-74.769	-7.222	5	19
20200503	-70.447	-15.78	1	44
20200504	-78.177	-13.059	2	165
07/05/2020	-72.236	-5.654	4	52
20200510	-74.408	-13.218	1	40
11/05/2020	-77.055	-2.196	5	147
13/05/2020	-71.272	-16.08	2	128
20200522	-74.602	-4.052	3	72
09/06/2020	-78.232	-7.343	2	113
11/06/2020	-86.406	-17.35	1	130
14/06/2020	-87.172	-13.265	3	36
20200616	-87.859	-7.546	4	47
19/06/2020	-76.689	-5.059	3	179
20200619	-70.843	-10.154	5	192
23/06/2020	-75.55	-6.24	1	40
20200623	-84.722	-8.319	2	61
20200625	-80.298	-3.061	1	17
27/06/2020	-79.252	-11.539	3	178
03/07/2020	-76.272	-8.291	1	143
03/07/2020	-84.149	-2.22	1	14
04/07/2020	-84.949	-9.375	4	172
05/07/2020	-89.849	-6.404	1	162
08/07/2020	-75.684	-17.314	3	169
09/07/2020	-87.265	-16.569	1	133
20200712	-87.933	-11.125	2	52
18/07/2020	-88.296	-3.906	1	173
18/07/2020	-80.508	-4.457	3	77
20/07/2020	-72.373	-13.946	5	150
20200723	-85.372	-11.615	1	28
23/07/2020	-79.294	-17.533	3	39
24/07/2020	-80.562	-12.601	3	61
26/07/2020	-82.204	-2.312	3	13
26/07/2020	-88.956	-14.49	5	135
27/07/2020	-77.688	-8.769	2	158
06/08/2020	-78.694	-14.655	5	168
11/08/2020	-71.376	-4.222	3	46
20200815	-77.708	-13.297	2	6
16/08/2020	-72.064	-12.869	1	174
20200816	-77.89	-12.051	4	69
20200821	-71.658	-17.705	4	192
23/08/2020	-82.922	-13.652	1	82
20200824	-83.756	-15.09	2	86
25/08/2020	-84.239	-6.734	1	125
20200905	-70.386	-15.959	1	3
20200905	-81.906	-6.512	5	20
06/09/2020	-85.254	-17.892	4	49
12/09/2020	-71.763	-10.449	3	105
12/09/2020	-76.672	-13.265	4	61
20200913	-71.805	-7.658	1	140
15/09/2020	-71.851	-7.831	1	25
15/09/2020	-72.29	-10.141	3	21
20200916	-87.974	-12.594	3	181
17/09/2020	-77.952	-17.458	4	6
19/09/2020	-79.603	-16.816	5	168
20200921	-72.829	-14.01	4	121
23/09/2020	-76.375	-11.985	1	48
20200926	-76.321	-16.744	5	44
27/09/2020	-83.448	-4.748	4	158
02/10/2020	-78.167	-3.49	2	68
20201002	-72.615	-8.663	5	77
04/10/2020	-81.876	-13.406	4	6
05/10/2020	-71.175	-13.204	1	83
08/10/2020	-84.621	-4.852	5	181
09/10/2020	-78.933	-8.701	3	54
10/10/2020	-86.183	-10.33	5	15
11/10/2020	-76.931	-9.95	5	49
20201013	-75.661	-3.279	4	66
14/10/2020	-75.455	-6.59	4	115
16/10/2020	-87.807	-11.753	2	107
19/10/2020	-82.195	-3.978	2	44
20201027	-87.506	-17.301	5	196
01/11/2020	-70.969	-15.439	3	187
02/11/2020	-75.808	-4.346	3	139
02/11/2020	-83.482	-10.237	4	182
20201107	-76.558	-16.631	5	135
11/11/2020	-73.997	-11.987	3	87
20201115	-76.675	-13.769	5	82
17/11/2020	-71.138	-2.059	4	140
19/11/2020	-71.92	-7.317	4	35
23/11/2020	-86.035	-12.329	3	190
20201124	-86.253	-14.585	4	77
20201126	-76.389	-13.331	2	105
20201128	-83.672	-4.878	4	29
04/12/2020	-87.723	-8.467	1	2
09/12/2020	-83.021	-14.07	3	130
12/12/2020	-84.777	-3.734	4	170
13/12/2020	-71.726	-14.041	4	43
20201214	-75.61	-8.131	5	72
2020-12-15	-71.497	-13.084	5	16
18/12/2020	-85.974	-5.933	2	48
20201221	-82.87	-15.443	2	8
21/12/2020	-71.166	-12.671	4	118
24/12/2020	-72.091	-4.114	3	68
2020-12-27	-71.9	-10.699	5	57
